YYYY	MM	DD	hh	mm	WD	WSPD	GST	WVHT	DPD	APD	MWD	BAR	ATMP	WTMP	DEWP	VIS	TIDE
2003	11	10	23	99	22	9.3	11.5	99	99	99	81	9999	999	999	999	99	99
2003	11	11	0	99	29	9.1	11.4	2.14	9.09	5.72	94	9999	999	999	999	99	99
2003	11	11	1	99	26	9.3	11.9	2.13	9.09	5.69	81	9999	999	999	999	99	99
2003	11	11	2	99	34	10	12.1	2.13	9.09	5.68	92	9999	999	999	999	99	99
2003	11	11	3	99	42	9.1	11.5	2.14	10	5.52	90	9999	999	999	999	99	99
2003	11	11	4	99	44	8.8	12.4	1.98	9.09	5.65	95	9999	999	999	999	99	99
2003	11	11	5	99	72	5	6.8	1.98	9.09	5.66	93	9999	999	999	999	99	99
2003	11	11	6	99	122	5	8.3	1.85	9.09	5.72	100	9999	999	999	999	99	99
2003	11	11	7	99	107	3.8	5.5	1.78	9.09	5.88	102	9999	999	999	999	99	99
2003	11	11	8	99	53	3	4.9	1.74	8.33	5.65	88	9999	999	999	999	99	99
2003	11	11	9	99	29	2.9	4.5	1.6	8.33	5.65	85	9999	999	999	999	99	99
2003	11	11	10	99	148	3.7	4.9	1.73	9.09	5.85	101	9999	999	999	999	99	99
2003	11	11	11	99	149	1.6	2.7	1.77	9.09	5.89	103	9999	999	999	999	99	99
2003	11	11	12	99	274	1.1	5.6	1.68	8.33	5.76	103	9999	999	999	999	99	99
2003	11	11	13	99	133	5.3	6.6	1.61	8.33	5.92	107	9999	999	999	999	99	99
2003	11	11	14	99	111	6.1	7.5	1.56	9.09	5.83	102	9999	999	999	999	99	99
2003	11	11	15	99	131	3.5	4.7	1.55	9.09	5.74	110	1025.3	21.9	25.3	15.5	99	99
2003	11	11	16	99	139	3.2	4.2	1.39	9.09	5.77	101	1025.1	22.1	25.3	14.6	99	99
2003	11	11	17	99	178	2.9	4.9	1.35	9.09	5.97	109	1024.1	22.6	25.3	14.6	99	99
2003	11	11	18	99	190	2.9	4.1	1.29	9.09	5.82	106	1023.4	22.7	25.4	14.6	99	99
2003	11	11	19	99	157	1.3	2.5	1.3	9.09	5.74	107	1022.7	22.7	25.4	14.3	99	99
2003	11	11	20	99	180	1.6	2.4	1.28	9.09	5.61	105	1022.6	22.9	25.4	14.6	99	99
2003	11	11	21	99	337	1.8	2.5	1.3	9.09	5.86	100	1022.4	22.2	25.4	17	99	99
2003	11	11	22	99	270	0.7	1.7	1.23	9.09	5.89	92	1022.4	22.2	25.4	16.2	99	99
2003	11	11	23	99	320	0.9	1.9	1.22	8.33	5.81	92	1022.3	21.9	25.6	17.4	99	99
2003	11	12	0	99	195	3.2	4.4	1.22	9.09	6.09	101	1022.6	22.4	25.4	15.9	99	99
2003	11	12	1	99	187	5.5	6.8	1.23	9.09	6.43	111	1022.2	22.9	25.4	16.9	99	99
2003	11	12	2	99	204	5	6.1	1.19	8.33	6.08	115	1022.4	23.4	25.4	15.5	99	99
2003	11	12	3	99	184	5.7	7.1	1.25	9.09	6.17	117	1022.2	23.5	25.4	15.4	99	99
2003	11	12	4	99	200	5.8	7.2	1.16	9.09	5.79	112	1022.2	23.5	25.4	15.1	99	99
2003	11	12	5	99	198	5.8	7.1	1.11	9.09	5.9	111	1021.9	23.7	25.4	15.5	99	99
2003	11	12	6	99	197	6.4	7.8	1.09	9.09	5.7	113	1021.1	23.8	25.3	15.4	99	99
2003	11	12	7	99	199	7.3	8.9	1.09	8.33	5.48	103	1020.5	24.1	25.3	16.6	99	99
2003	11	12	8	99	206	6.9	8.2	1.09	8.33	5.04	102	1020.4	24.2	25.3	16.5	99	99
2003	11	12	9	99	195	7.5	9.3	1.07	9.09	4.7	99	1019.5	24.2	25.3	16.4	99	99
2003	11	12	10	99	191	8.2	9.7	1.13	8.33	4.96	105	1019.4	24.1	25.3	17.5	99	99
2003	11	12	11	99	223	8.3	10.2	1.21	9.09	4.63	116	1019.2	24.3	25.4	17.2	99	99
2003	11	12	12	99	225	8.7	10.3	1.25	9.09	4.81	119	1019.4	24.3	25.4	17.3	99	99
2003	11	12	13	99	270	7.4	9.3	1.23	4.35	4.66	183	1020.4	22.7	25.4	19.6	99	99
2003	11	12	14	99	257	8.6	10.2	1.25	8.33	4.68	103	1020.4	23	25.4	17.7	99	99
2003	11	12	15	99	268	9.2	10.6	1.26	10	4.62	124	1020.7	22.9	25.4	14.3	99	99
2003	11	12	16	99	264	9	11.1	1.29	10	4.39	124	1020.2	22.7	25.4	13.7	99	99
2003	11	12	17	99	254	8.4	10.1	1.27	4	4.44	250	1019	22.7	25.4	15.7	99	99
2003	11	12	18	99	247	8	9.6	1.29	9.09	4.82	112	1018	23	25.4	14.9	99	99
2003	11	12	19	99	242	8.8	10.7	1.29	9.09	4.73	128	1017.2	23.4	25.4	15.8	99	99
2003	11	12	20	99	238	8.6	10.2	1.3	4.55	4.54	240	1016.5	23.7	25.4	14	99	99
2003	11	12	21	99	233	9.4	10.8	1.44	4.55	4.71	246	1016.1	23.9	25.4	14.5	99	99
2003	11	12	22	99	230	9.7	11.6	1.36	4.76	4.58	247	1015.9	24.3	25.4	15.1	99	99
2003	11	12	23	99	229	10	11.6	1.37	4.76	4.52	238	1015.9	24.3	25.3	13.9	99	99
2003	11	13	0	99	219	9.8	11.7	1.41	4.76	4.55	241	1015.9	24.5	25.3	16	99	99
2003	11	13	1	99	216	11.8	13.6	1.52	4.76	4.53	238	1015.1	25	25.3	15.1	99	99
2003	11	13	2	99	216	11.2	13.6	1.6	5	4.56	242	1014.9	25	25.3	15.1	99	99
2003	11	13	3	99	219	12.2	14.7	1.76	5.26	4.61	230	1014.5	25.1	25.3	16.1	99	99
2003	11	13	4	99	225	13.2	15.2	1.84	5.26	4.58	233	1014.1	25.1	25.3	17.5	99	99
2003	11	13	5	99	227	12.3	14.6	2.06	5.56	4.9	231	1013.5	25	25.3	16.6	99	99
2003	11	13	6	99	233	13	16.8	2.05	5.88	4.87	233	1013.4	24.8	25.3	17	99	99
2003	11	13	7	99	238	13.1	16	2.11	5.88	5.02	226	1012.9	24.6	25.3	17.1	99	99
2003	11	13	8	99	235	13.3	16.1	2.24	6.25	5	221	1012.2	24.5	25.3	17.8	99	99
2003	11	13	9	99	235	14.8	17.8	2.63	6.25	5.41	227	1011.4	24.5	25.2	17.3	99	99
2003	11	13	10	99	238	14	17	2.57	6.67	5.35	220	1011.6	24.3	25.1	18.7	99	99
2003	11	13	11	99	241	14	17	2.61	6.67	5.44	219	1011.4	23.8	25.1	17.8	99	99
2003	11	13	12	99	242	13.8	16.2	2.48	6.67	5.33	228	1011.5	23.8	25.1	17.5	99	99
2003	11	13	13	99	253	13.7	16.5	2.51	6.67	5.19	224	1011.8	23.1	25.1	17.5	99	99
2003	11	13	14	99	264	13.5	16.2	2.43	6.67	5.23	225	1011.9	22.3	25.1	17.2	99	99
2003	11	13	15	99	265	12.6	15.4	2.34	6.67	5.15	224	1011.8	21.9	25	16.2	99	99
2003	11	13	16	99	274	11.8	14.6	2.16	6.67	4.95	235	1011.9	21.4	25	16	99	99
2003	11	13	17	99	301	12.2	14.2	2.08	7.14	5.11	215	1012.2	20.7	25	12.6	99	99
2003	11	13	18	99	300	11.7	15.1	2.11	6.67	5.11	222	1012.1	20.4	25	8.1	99	99
2003	11	13	19	99	310	11.6	14.1	2.14	7.14	5.3	219	1012.6	19.4	24.8	4	99	99
2003	11	13	20	99	295	11.2	14.4	2.2	7.14	5.21	216	1013.3	19.1	24.6	0.6	99	99
2003	11	13	21	99	297	13.6	15.9	2.27	5.26	5.24	307	1013.9	19.2	24.6	0	99	99
2003	11	13	22	99	309	11.7	14.5	2.17	5.56	5.22	304	1014.8	18.6	24.5	0.9	99	99
2003	11	13	23	99	315	14.2	18.1	2.2	6.25	5.1	265	1015.6	18.2	24.5	4.4	99	99
2003	11	14	0	99	320	13.9	16.7	2.68	5.88	5.2	303	1016.8	17.2	24.4	2.4	99	99
2003	11	14	1	99	316	13.3	17.1	2.32	5.88	5.1	296	1017.4	16.1	24.3	0.4	99	99
2003	11	14	2	99	319	14.7	18	2.35	5.56	5.04	307	1018.3	15.5	24.2	4.5	99	99
2003	11	14	3	99	319	13.5	16.7	2.38	6.25	5.13	307	1019.1	15.1	24.2	2.6	99	99
2003	11	14	4	99	324	13.1	15.6	2.26	5.88	5.04	307	1019.9	14	24.2	0.3	99	99
2003	11	14	5	99	321	14.2	18.6	2.01	5.88	4.91	314	1020.2	13.1	23.8	0.3	99	99
2003	11	14	6	99	324	11.7	14.8	2.35	5.88	4.99	315	1020.8	11.8	23.8	-3.3	99	99
2003	11	14	7	99	322	11.3	15.3	2.11	5.88	4.94	322	1020.9	11	23.7	-2.4	99	99
2003	11	14	8	99	333	11.2	14.2	1.86	5.88	4.83	323	1021	10.9	23.5	-2.8	99	99
2003	11	14	9	99	327	9.7	13.7	1.67	5.26	4.63	322	1020.9	10.5	23.5	-1.8	99	99
2003	11	14	10	99	321	9.6	12.3	1.64	5.56	4.7	334	1021.3	10.2	23.5	-2.3	99	99
2003	11	14	11	99	329	9	11.3	1.48	5.56	4.5	310	1021.9	10.2	23.4	-3.1	99	99
2003	11	14	12	99	325	10.2	13.7	1.49	5.26	4.53	316	1022.5	10.1	23.4	-0.5	99	99
2003	11	14	13	99	333	9.7	13.2	1.43	5.26	4.49	340	1023.3	10.5	23.4	-1.5	99	99
2003	11	14	14	99	327	8.9	11.5	1.42	5.26	4.48	345	1023.5	10.3	23.2	-2.4	99	99
2003	11	14	15	99	318	8.4	10.5	1.26	4.76	4.36	330	1023.8	10.2	23.4	-2.9	99	99
2003	11	14	16	99	322	8.9	11.9	1.17	4.76	4.26	334	1023.9	10.9	23.4	-2.2	99	99
2003	11	14	17	99	319	8.3	10.7	1.12	4.76	4.1	347	1023.5	11.3	23.4	-4.5	99	99
2003	11	14	18	99	307	6.2	8.8	1	4.55	4.12	315	1022.5	11.6	23.4	-3.9	99	99
2003	11	14	19	99	303	6.7	9.3	1.07	4.17	4.03	302	1022.2	12.1	23	-4.6	99	99
2003	11	14	20	99	303	6.4	8.8	0.93	4.17	4.02	300	1022.1	12.7	23	-4.6	99	99
2003	11	14	21	99	297	7.1	9.5	0.94	4.17	4.09	310	1022	13.4	23	-2.1	99	99
2003	11	14	22	99	298	6.7	9.2	0.82	4.17	4.04	296	1022	13.7	23	-3.8	99	99
2003	11	14	23	99	303	6.8	8.5	0.9	4.17	4.01	300	1022	14.3	22.9	-3.7	99	99
2003	11	15	0	99	313	7.2	9.4	0.86	4	3.99	296	1022.6	14.5	22.7	-1.8	99	99
2003	11	15	1	99	316	7.5	9.7	0.9	4	4.02	299	1022.7	14.9	22.7	-5.2	99	99
2003	11	15	2	99	318	7.7	10	0.9	4	4.01	304	1022.7	15.1	22.7	-5.4	99	99
2003	11	15	3	99	315	7.2	8.8	0.97	4	4	308	1022.6	15	22.7	-6.7	99	99
2003	11	15	4	99	316	6.4	8.2	0.88	4.17	4.03	321	1022.3	14.9	22.7	-5.3	99	99
2003	11	15	5	99	304	5.2	7.3	0.83	4	4.05	320	1022.1	14.8	22.7	-3.1	99	99
2003	11	15	6	99	294	5.1	6.9	0.77	4	4.14	311	1021.8	15	22.7	-2.5	99	99
2003	11	15	7	99	294	5.7	7.4	0.67	9.09	4.26	98	1021.4	15.3	22.7	-0.7	99	99
2003	11	15	8	99	294	6.1	7.7	0.67	9.09	4.08	100	1021.8	15.6	22.3	3.3	99	99
2003	11	15	9	99	298	6.5	8.3	0.66	3.45	3.91	303	1021.7	15.7	22.2	0.7	99	99
2003	11	15	10	99	309	7	9.2	0.73	3.7	3.89	292	1021.9	15.3	22.2	1.6	99	99
2003	11	15	11	99	309	6.4	8.1	0.77	3.45	3.74	305	1022	15.2	22.2	-0.7	99	99
2003	11	15	12	99	308	5.8	7.6	0.8	3.7	3.93	300	1022.5	15.5	22.2	0.8	99	99
2003	11	15	13	99	313	6	7.7	0.71	3.7	3.98	308	1023.4	15.8	22.7	-1.6	99	99
2003	11	15	14	99	303	5.8	7.6	0.72	3.7	3.87	283	1023.7	15.8	22.7	-3.4	99	99
2003	11	15	15	99	304	5.4	7.3	0.69	3.57	3.91	289	1023.6	15.9	22.7	-2.7	99	99
2003	11	15	16	99	308	4.9	7.1	0.6	3.33	4	295	1023.5	16	22.9	0.4	99	99
2003	11	15	17	99	341	4.3	5.8	0.62	3.45	4	304	1022.8	16	23	1.4	99	99
2003	11	15	18	99	340	3.6	5.3	0.59	10	4.24	43	1022.1	15.9	23	0.7	99	99
2003	11	15	19	99	315	2.3	3.2	0.57	8.33	4.14	66	1022	15.9	23	1.5	99	99
2003	11	15	20	99	320	1.7	2.8	0.52	9.09	4.36	84	1022.1	16	23	0.5	99	99
2003	11	15	21	99	304	0.8	2	0.52	8.33	4.65	86	1022.4	16	22.9	1.2	99	99
2003	11	15	22	99	208	1.1	2	0.5	8.33	4.33	102	1022.1	16.7	22.8	1.9	99	99
2003	11	15	23	99	184	2	2.8	0.51	9.09	4.68	94	1022.1	16.7	22.7	3.1	99	99
2003	11	16	0	99	204	1.9	2.9	0.53	9.09	4.76	77	1022.5	17.2	22.3	3.5	99	99
2003	11	16	1	99	194	2.5	3.4	0.5	8.33	5.03	113	1022.7	17.6	22.2	4.7	99	99
2003	11	16	2	99	193	2.1	3.2	0.48	7.69	5.06	90	1022.7	18	22.2	5.5	99	99
2003	11	16	3	99	228	1.6	2.6	0.49	9.09	5.25	110	1022.7	18.3	22.2	4.7	99	99
2003	11	16	4	99	240	2.7	4.3	0.49	9.09	5.75	89	1022.7	18.8	22.2	4.3	99	99
2003	11	16	5	99	271	1.9	3	0.45	9.09	5.62	113	1022.6	18.9	22.6	5.6	99	99
2003	11	16	6	99	325	3	3.6	0.45	8.33	5.68	107	1022.6	18.8	22.7	7.3	99	99
2003	11	16	7	99	353	2.3	3.1	0.42	9.09	5.34	84	1022.5	18.5	22.7	7.8	99	99
2003	11	16	8	99	348	1.4	2.2	0.45	9.09	5.35	81	1022.6	18.6	22.3	7.5	99	99
2003	11	16	9	99	356	1.5	2.1	0.49	7.69	5.2	82	1022.6	18.8	22.2	8	99	99
2003	11	16	10	99	298	1.2	2.5	0.52	8.33	5.13	87	1023	18.8	22.2	7.4	99	99
2003	11	16	11	99	322	2	2.8	0.58	8.33	5.2	79	1023.6	18.8	21.9	7.8	99	99
2003	11	16	12	99	355	1.4	1.9	0.54	7.69	5.02	75	1024.1	18.8	21.9	7.5	99	99
2003	11	16	13	99	348	1	1.7	0.6	7.69	4.75	77	1024.3	19.5	21.9	5.3	99	99
2003	11	16	14	99	322	1.4	2	0.57	7.69	4.87	86	1025	19.6	22	5.6	99	99
2003	11	16	15	99	357	1.9	2.6	0.57	7.69	4.99	82	1025	19.6	22.2	5.2	99	99
2003	11	16	16	99	13	1.4	2.5	0.58	8.33	5.16	81	1025	19.8	22.7	5.7	99	99
2003	11	16	17	99	348	1.3	2.1	0.55	7.69	5.08	75	1024.3	19.8	22.7	6.4	99	99
2003	11	16	18	99	25	1.6	2.2	0.54	8.33	5.54	93	1023.6	19.9	22.7	6.5	99	99
2003	11	16	19	99	360	1.1	2.3	0.54	7.69	5.84	80	1023.4	20.3	22.7	8.7	99	99
2003	11	16	20	99	354	0.7	1.4	0.55	9.09	5.75	97	1023.4	20.4	22.7	8.2	99	99
2003	11	16	21	99	360	0.4	0.9	0.52	9.09	5.84	98	1023.6	20.3	22.9	9	99	99
2003	11	16	22	99	145	1.1	1.9	0.55	7.14	6.04	82	1023.6	20.4	23	9.1	99	99
2003	11	16	23	99	138	2.5	3.4	0.57	8.33	5.95	105	1023.4	20.5	22.9	9.6	99	99
2003	11	17	0	99	150	2.5	3.7	0.56	9.09	6.17	123	1023.6	20.7	22.9	10.5	99	99
2003	11	17	1	99	166	5	5.9	0.57	7.69	6.39	99	1022.9	21.4	22.9	11.9	99	99
2003	11	17	2	99	184	6	7.4	0.53	7.69	6.14	118	1022.7	22.5	23	12.9	99	99
2003	11	17	3	99	194	6.6	7.7	0.58	7.69	5.35	103	1022.4	22.8	23	14.7	99	99
2003	11	17	4	99	207	6.7	8.3	0.6	8.33	4.47	113	1022.5	22.9	23.4	14.5	99	99
2003	11	17	5	99	230	6	7.1	0.63	8.33	4.12	119	1022.4	22.9	23.5	15.2	99	99
2003	11	17	6	99	242	4.3	5	0.63	10	4.18	145	1022.5	22.8	23.5	14.9	99	99
2003	11	17	7	99	266	5.2	6.1	0.6	7.69	4.36	110	1022.5	22.7	23.5	15.4	99	99
2003	11	17	8	99	273	6.2	7.1	0.58	10	4.62	169	1022	22.5	23.5	15.7	99	99
2003	11	17	9	99	282	9.4	10.7	0.57	10	4.28	214	1021.9	22.2	23.4	15.2	99	99
2003	11	17	10	99	279	8.8	10.7	0.73	3.23	3.63	268	1022	22.2	23	15.5	99	99
2003	11	17	11	99	271	8	9.9	0.77	3.57	3.7	254	1021.8	22.1	23	16.6	99	99
2003	11	17	12	99	276	7.7	8.9	0.95	3.7	4.03	260	1022.6	22	23	16.6	99	99
2003	11	17	13	99	281	6.4	7.4	0.96	5.56	4.22	167	1023.6	21.9	23	16.8	99	99
2003	11	17	14	99	274	5.3	6.5	0.91	5.26	4.5	173	1024.1	22.1	23.4	16.1	99	99
2003	11	17	15	99	326	3.8	5	0.89	5.56	4.48	158	1024.3	20.9	23.4	16.2	99	99
2003	11	17	16	99	308	3.5	4.2	0.87	5.26	4.71	154	1024.3	21.1	23.5	14.6	99	99
2003	11	17	17	99	308	3.8	4.8	0.84	5	4.78	163	1023.6	21.3	23.5	14.9	99	99
2003	11	17	18	99	295	2.1	2.8	0.77	5	4.92	167	1022.7	21.4	23.7	14.5	99	99
2003	11	17	19	99	293	2.2	2.8	0.74	9.09	5.02	125	1022.6	21.4	23.7	14.8	99	99
2003	11	17	20	99	284	0.9	1.4	0.71	9.09	5.11	132	1022	21.9	23.7	14.3	99	99
2003	11	17	21	99	242	0.7	1	0.69	9.09	5.08	132	1021.9	22.7	23.7	13.6	99	99
2003	11	17	22	99	162	1.2	1.7	0.68	8.33	5.51	137	1022.2	22.7	23.5	12.9	99	99
2003	11	17	23	99	169	1.4	1.8	0.66	8.33	5.56	142	1022.6	22.7	23.5	14.1	99	99
2003	11	18	0	99	168	2.2	2.8	0.65	8.33	5.24	139	1022.6	22.9	23.4	13.3	99	99
2003	11	18	1	99	150	2.7	3.4	0.64	7.69	5.35	114	1022.6	23.4	23	14.4	99	99
2003	11	18	2	99	140	3.7	4.4	0.6	8.33	5.1	129	1022.6	23.5	23	14.3	99	99
2003	11	18	3	99	149	3.3	4	0.56	7.69	4.84	123	1022.8	23.7	23	14.4	99	99
2003	11	18	4	99	163	3.6	4.2	0.6	8.33	5.11	123	1023.2	23.7	23	14.7	99	99
2003	11	18	5	99	127	3.5	4.1	0.56	8.33	4.87	128	1022.2	23.5	23.1	16.5	99	99
2003	11	18	6	99	139	3.6	4.2	0.55	8.33	5.16	134	1022	23.7	23.4	16.7	99	99
2003	11	18	7	99	149	3.6	4.3	0.54	9.09	4.96	140	1021.9	23.8	23.4	17.2	99	99
2003	11	18	8	99	161	3.8	4.6	0.54	8.33	4.89	136	1021.9	23.8	23.4	17.5	99	99
2003	11	18	9	99	155	4.1	4.7	0.55	8.33	5.24	142	1021.2	23.8	23.4	17.3	99	99
2003	11	18	10	99	157	6.2	7.9	0.58	8.33	4.58	137	1021.8	22	23.4	17.7	99	99
2003	11	18	11	99	200	0.6	1.3	0.59	8.33	4.41	130	1021.9	23.8	23.4	999	99	99
2003	11	18	12	99	90	3	3.6	0.57	8.33	5.31	122	1022	23	23	17.1	99	99
2003	11	18	13	99	221	6	8	0.52	8.33	5.51	105	1022.5	21.9	23	18.3	99	99
2003	11	18	14	99	87	1.8	2.9	0.51	9.09	5.35	113	1022.6	21.4	23	18.3	99	99
2003	11	18	15	99	76	3	3.7	0.51	9.09	5.45	111	1022.7	21.9	23	17.7	99	99
2003	11	18	16	99	151	3.8	6.3	0.57	9.09	4.93	109	1022.6	23.3	23	18.4	99	99
2003	11	18	17	99	168	7.4	8.7	0.9	3.85	4.11	170	1021.8	24.3	23.4	17.6	99	99
2003	11	18	18	99	174	6.7	8.1	1.06	4.35	4.25	163	1020.9	24.4	23.5	16.5	99	99
2003	11	18	19	99	174	7	8	1.03	4.55	4.31	165	1020.3	24.3	23.5	17	99	99
2003	11	18	20	99	164	6.9	8	1.04	4.76	4.27	190	1019.6	24.3	23.5	18.1	99	99
2003	11	18	21	99	161	7.3	8.6	1.11	4.76	4.36	177	1019	24.3	23.5	17.1	99	99
2003	11	18	22	99	160	8	9.1	1.16	5.26	4.42	198	1018.9	24.3	23.5	17.1	99	99
2003	11	18	23	99	161	8	9.1	1.25	5.56	4.54	190	1019	24.3	23.5	16.8	99	99
2003	11	19	0	99	156	7.7	9.1	1.26	4.76	4.54	172	1018.9	24.3	23.4	16.4	99	99
2003	11	19	1	99	157	8.6	10.8	1.25	5.26	4.62	192	1018.3	24.3	23.4	16	99	99
2003	11	19	2	99	158	9.6	11.7	1.32	5.56	4.52	188	1017.9	24.2	23.4	16.6	99	99
2003	11	19	3	99	153	10.5	12.9	1.52	5.26	4.58	177	1017.3	24.2	23.4	17.3	99	99
2003	11	19	4	99	156	10.8	13.8	1.74	5.26	4.63	173	1016.5	24.3	23.4	17.3	99	99
2003	11	19	5	99	157	11.9	13.8	1.93	5.56	4.78	177	1015.7	24.3	23.5	17.1	99	99
2003	11	19	6	99	161	13	15	2.11	5.88	4.9	180	1014.8	24.3	23.5	17	99	99
2003	11	19	7	99	163	12.7	15	2.31	6.67	5.2	171	1014.8	24.3	23.5	16.6	99	99
2003	11	19	8	99	161	12.4	15.3	2.47	6.67	5.47	178	1014.2	24.4	23.5	17	99	99
2003	11	19	9	99	159	12.2	15.5	2.66	7.14	5.62	177	1013.2	24.3	23.4	17.4	99	99
2003	11	19	10	99	159	12.5	15.2	2.48	7.14	5.62	168	1012.5	24.3	23.4	17.1	99	99
2003	11	19	11	99	158	13.4	16.3	2.63	7.69	5.8	174	1011.5	24.5	23	17.7	99	99
2003	11	19	12	99	159	12.5	16.1	2.8	7.14	5.83	170	1010.8	24.4	23.2	18.7	99	99
2003	11	19	13	99	157	14	17.4	2.86	7.69	5.92	164	1009.7	24.6	23.4	17.7	99	99
2003	11	19	14	99	157	13.6	18.5	3.06	7.69	6	168	1009.3	24.6	23.4	17.7	99	99
2003	11	19	15	99	154	14.6	18.7	3.15	8.33	6.07	167	1007.8	24.6	23.4	18.7	99	99
2003	11	19	16	99	162	14.3	17.4	3.28	8.33	6.05	159	1007	24.6	23.5	19.3	99	99
2003	11	19	17	99	168	13.6	17	3.37	8.33	6.25	159	1005	24.3	23.5	20.3	99	99
2003	11	19	18	99	174	16	21.2	3.88	8.33	6.51	170	1002.9	24.1	23.5	20.5	99	99
2003	11	19	19	99	180	14.5	18.8	3.74	9.09	6.56	177	1002.5	25	23.5	20.9	99	99
2003	11	19	20	99	277	13	15.6	4.2	9.09	6.96	174	1003.1	18.9	23.5	17.5	99	99
2003	11	19	21	99	299	10.3	13	3.8	9.09	6.5	179	1003.8	17.4	23	15.9	99	99
2003	11	19	22	99	268	9.7	11.7	3.28	9.09	6.23	175	1003.9	16.8	22.9	15.2	99	99
2003	11	19	23	99	232	8.5	10.8	3.04	9.09	6.68	175	1003.9	17.4	22.7	14.5	99	99
2003	11	20	0	99	248	6.8	9.1	2.98	10	6.84	172	1003.5	17.6	22.7	12.5	99	99
2003	11	20	1	99	259	9	11.1	2.97	9.09	7.06	174	1003.5	18.6	22.7	14	99	99
2003	11	20	2	99	256	10.6	13.9	2.6	10	6.48	172	1004	19.7	22.7	14.7	99	99
2003	11	20	3	99	260	10.9	14.5	2.64	9.09	6.33	165	1004.5	20.3	22.7	15.9	99	99
2003	11	20	4	99	281	12.7	16.7	2.85	9.09	6.26	169	1004.6	19.6	22.7	13.6	99	99
2003	11	20	5	99	298	11.8	15.1	2.9	9.09	6.3	166	1005.1	18.8	22.3	13.3	99	99
2003	11	20	6	99	309	12.3	15.2	2.45	9.09	5.71	169	1005.3	18	22.4	11.8	99	99
2003	11	20	7	99	321	13.8	17.7	2.52	8.33	5.7	162	1005.9	17.3	22.3	8.5	99	99
2003	11	20	8	99	328	12.8	16.2	2.53	9.09	5.55	168	1007.2	16.8	22.2	8.1	99	99
2003	11	20	9	99	333	14.5	17.9	2.4	8.33	5.26	163	1008.1	16.8	22.2	6	99	99
2003	11	20	10	99	334	13.9	16.1	2.69	5.88	5.4	322	1009.2	16.1	22.2	6.3	99	99
2003	11	20	11	99	340	13	16.4	2.51	5.88	5.25	316	1010.3	16.3	22.2	7.5	99	99
2003	11	20	12	99	347	12.7	15.4	2.42	6.67	5.29	345	1011.6	16	22.2	5.3	99	99
2003	11	20	13	99	347	11.2	14.6	2.17	5.88	5.1	351	1012.8	16	22	4.3	99	99
2003	11	20	14	99	343	10.5	13	1.9	5.56	4.99	335	1013.8	15.9	21.9	5	99	99
2003	11	20	15	99	342	8.6	11	1.71	5.88	4.98	7	1014.8	15.7	21.9	5.7	99	99
2003	11	20	16	99	343	7.6	9.3	1.56	5.56	4.97	345	1014.9	15.6	21.9	4.2	99	99
2003	11	20	17	99	341	6.9	8.7	1.41	5.56	4.86	350	1014.6	15.5	21.9	6	99	99
2003	11	20	18	99	349	6	8.4	1.29	7.69	4.91	162	1014.4	15.7	21.9	4.8	99	99
2003	11	20	19	99	349	4.4	5.9	1.19	5.26	4.84	2	1014.2	15.9	21.9	5.1	99	99
2003	11	20	20	99	347	3.7	6	1.18	8.33	5.02	124	1014.1	16	22	3	99	99
2003	11	20	21	99	297	3.3	5.4	1.1	9.09	5.21	107	1014.8	16.5	22	2.7	99	99
2003	11	20	22	99	300	3.4	4.7	0.98	9.09	5.11	103	1015.4	16.7	22	3.7	99	99
2003	11	20	23	99	309	2.9	4.7	0.96	8.33	5.27	101	1016.3	16.8	22	4.8	99	99
2003	11	21	0	99	299	3.4	4.9	0.93	9.09	5.39	100	1017.1	17.3	21.9	5.8	99	99
2003	11	21	1	99	325	5.2	6.9	1	7.69	5.9	94	1017.3	18	21.9	5.2	99	99
2003	11	21	2	99	344	5.9	7.6	1	9.09	5.87	80	1017.9	18.1	21.9	2.7	99	99
2003	11	21	3	99	344	5.5	6.8	1.09	9.09	5.39	80	1018.1	18	21.9	2.1	99	99
2003	11	21	4	99	353	5.1	6.2	1.13	9.09	5.52	86	1018.1	18.1	21.9	2.4	99	99
2003	11	21	5	99	358	3.1	5.5	99	99	99	999	1017.9	18	21.9	2.5	99	99
2003	11	21	6	99	338	3.7	5.5	0.98	8.33	5.4	73	1017.6	18	22.2	2.1	99	99
2003	11	21	7	99	342	2.2	3.7	0.92	9.09	5.46	70	1017.3	17.6	22.3	2.8	99	99
2003	11	21	8	99	325	2.9	4.8	0.89	9.09	5.83	72	1017.4	18	22.7	2.8	99	99
2003	11	21	9	99	340	4	5.6	0.78	8.33	5.34	69	1017.9	18	22.9	3.1	99	99
2003	11	21	10	99	328	3.8	5.7	0.82	9.09	5.46	80	1017.9	18	22.9	2.7	99	99
2003	11	21	11	99	328	4.4	6.2	0.84	9.09	5.8	71	1018.6	18	22.8	4.2	99	99
2003	11	21	12	99	332	4.9	6.5	0.85	8.33	5.7	73	1018.9	18	22.7	4.9	99	99
2003	11	21	13	99	340	5	6	0.81	10	5.52	76	1019.6	18.3	22.7	2	99	99
2003	11	21	14	99	335	5.3	7.9	0.75	10	5.22	76	1020.4	18.3	22.3	5.1	99	99
2003	11	21	15	99	329	5.2	6.4	0.79	10	5.09	82	1020.8	18.3	22.7	6.2	99	99
2003	11	21	16	99	320	3.9	5.2	0.73	9.09	4.57	82	1020.5	18.3	22.9	6.4	99	99
2003	11	21	17	99	318	2.9	4	0.71	10	4.97	76	1019.7	18.3	23	4	99	99
2003	11	21	18	99	297	2.9	4.3	0.75	10	4.97	76	1019.2	18.4	23	6	99	99
2003	11	21	19	99	310	2.5	3.9	0.79	10	5.35	73	1018.2	18.8	23.3	4.7	99	99
2003	11	21	20	99	270	2.3	3.4	0.77	9.09	5.63	72	1018.6	19.1	23.4	5.2	99	99
2003	11	21	21	99	258	2.5	3.4	0.76	10	5.85	75	1018.2	19.6	23.4	7.5	99	99
2003	11	21	22	99	250	2.9	4	0.77	10	6.02	84	1018.5	19.8	23.4	7.9	99	99
2003	11	21	23	99	260	2.9	4	0.74	10	6.13	90	1018.8	19.8	23.8	6.8	99	99
2003	11	22	0	99	252	3.9	4.7	0.67	9.09	6.05	80	1018.9	19.9	23.8	8.9	99	99
2003	11	22	1	99	250	4.2	5.3	0.76	9.09	6.51	67	1018.9	20.3	23.8	8.8	99	99
2003	11	22	2	99	256	4.3	5	0.68	10	6.21	77	1018.9	20.4	23.7	9.1	99	99
2003	11	22	3	99	258	4.4	5.9	0.69	10	5.69	80	1019	20.6	23.5	8.7	99	99
2003	11	22	4	99	259	4.2	5.2	0.74	10	5.7	77	1019.4	20.6	23.5	8.3	99	99
2003	11	22	5	99	271	4.2	5.2	0.75	10	5.58	77	1019.4	20.6	23.5	9.8	99	99
2003	11	22	6	99	276	4.7	5.8	0.71	9.09	5.22	79	1019.3	20.6	23.7	10.2	99	99
2003	11	22	7	99	270	4.9	6.2	0.67	9.09	5.28	87	1018.9	20.6	23.8	10.9	99	99
2003	11	22	8	99	277	5.3	6.6	0.68	9.09	4.88	91	1018.8	20.6	24.2	10	99	99
2003	11	22	9	99	275	6	7.3	0.67	10	4.8	92	1018.5	20.4	24.3	11.4	99	99
2003	11	22	10	99	271	6.3	7.8	0.75	9.09	4.44	117	1018.8	20.4	24.3	10.6	99	99
2003	11	22	11	99	284	7.1	8.3	0.78	9.09	4.26	82	1019.4	20.4	24.3	10.6	99	99
2003	11	22	12	99	301	6.9	8.4	0.77	3.57	4.22	276	1020.1	19.9	24.3	10.8	99	99
2003	11	22	13	99	308	6.9	8	0.81	11.11	4.32	50	1020.5	19.5	24.2	11.1	99	99
2003	11	22	14	99	307	5.7	7	0.77	11.11	4.3	48	1020.9	19.2	23.8	9.2	99	99
2003	11	22	15	99	305	5.4	6.5	0.78	10	4.48	67	1021	19.1	23.8	10.3	99	99
2003	11	22	16	99	287	4.9	6.1	0.76	11.11	4.64	69	1020.9	19.6	23.7	9.4	99	99
2003	11	22	17	99	299	5.7	6.8	0.68	11.11	4.44	80	1020.2	19.6	23.7	10.2	99	99
2003	11	22	18	99	301	4.6	5.6	0.64	10	4.39	82	1019.4	19.9	23.7	9.3	99	99
2003	11	22	19	99	304	3.6	4.5	0.68	10	4.74	79	1018.8	20.4	23.8	9.7	99	99
2003	11	22	20	99	308	2.8	3.6	0.61	10	4.67	81	1018.7	20.6	23.8	9	99	99
2003	11	22	21	99	275	2.1	3.2	0.55	10	4.5	84	1018.8	21.2	23.8	6.8	99	99
2003	11	22	22	99	263	3	4	0.54	11.11	5.09	92	1018.9	21.2	23.9	7	99	99
2003	11	22	23	99	251	3.1	3.8	0.59	10	5.22	92	1019.4	20.7	24.2	7	99	99
2003	11	23	0	99	272	2.3	3	0.57	10	5.63	101	1019.6	20.7	24.2	7.5	99	99
2003	11	23	1	99	256	2.5	3.3	0.59	10	5.65	109	1020.3	20.9	24.2	6.4	99	99
2003	11	23	2	99	243	3.1	3.9	0.61	10	6.2	105	1020.5	20.9	23.8	8.3	99	99
2003	11	23	3	99	251	2.9	4.1	0.58	10	6.19	91	1020.5	21.1	23.7	7.6	99	99
2003	11	23	4	99	249	3.3	4.4	0.54	10	6.23	97	1020.4	21.1	23.5	7.9	99	99
2003	11	23	5	99	245	3.1	4.2	0.55	10	6.39	116	1020.4	21.1	23.5	8.9	99	99
2003	11	23	6	99	274	3	3.7	0.58	8.33	6.35	94	1020.4	20.7	23.5	10.5	99	99
2003	11	23	7	99	257	2	3	0.56	9.09	6.83	93	1020.4	20.6	23.5	9.5	99	99
2003	11	23	8	99	291	3	4.3	0.63	9.09	6.99	94	1020.5	20.6	23.7	10.6	99	99
2003	11	23	9	99	314	3.8	5	0.61	14.29	7.4	102	1020.4	19.8	23.7	13	99	99
2003	11	23	10	99	308	3.9	5.1	0.69	12.5	7.45	102	1020.5	19.9	23.7	12.7	99	99
2003	11	23	11	99	315	4	5.1	0.68	14.29	6.58	114	1020.9	19.9	23.7	11.1	99	99
2003	11	23	12	99	328	3.9	4.8	0.7	12.5	6.36	76	1021.1	19.6	23.7	11.8	99	99
2003	11	23	13	99	358	3.3	4.4	0.73	12.5	6.48	81	1021.5	19.8	23.5	10.7	99	99
2003	11	23	14	99	355	3.1	4.3	0.65	10	6.09	101	1021.9	19.9	23	12.2	99	99
2003	11	23	15	99	352	2.9	4.2	0.77	12.5	6.91	54	1021.9	19.9	23	12	99	99
2003	11	23	16	99	353	3.5	4.5	0.73	12.5	6.91	59	1021.9	20.1	22.9	13	99	99
2003	11	23	17	99	30	2.4	3.5	0.79	11.11	7.02	78	1021	20.8	22.9	11.9	99	99
2003	11	23	18	99	31	1.6	2.5	0.77	12.5	7.45	87	1020.3	21.2	22.9	11.3	99	99
2003	11	23	19	99	4	0.9	1.7	0.85	12.5	7.25	76	1019.7	21.5	23	11.9	99	99
2003	11	23	20	99	29	1.8	2.6	0.75	12.5	7.44	80	1019.5	21.5	23	12.8	99	99
2003	11	23	21	99	145	1.4	2	0.79	12.5	7.35	92	1019.6	22	23	11.2	99	99
2003	11	23	22	99	134	2.5	3.5	0.96	12.5	8.29	120	1019.5	21.9	23	11.1	99	99
2003	11	23	23	99	176	2.8	3.9	0.84	12.5	7.69	136	1019.6	21.7	23	10.9	99	99
2003	11	24	0	99	243	3.4	4.4	0.97	12.5	8.22	136	1019.6	21.1	23	14	99	99
2003	11	24	1	99	263	3.4	4.8	0.82	12.5	7.92	118	1019.5	20.5	23	14.6	99	99
2003	11	24	2	99	266	3.5	4.6	1.02	12.5	8.11	94	1019.5	20.5	23	14.9	99	99
2003	11	24	3	99	241	4.6	6	0.95	12.5	8.41	125	1019.3	21.1	22.9	13.7	99	99
2003	11	24	4	99	250	4.2	5.1	0.97	12.5	8.22	102	1018.9	21.6	22.7	999	99	99
2003	11	24	5	99	258	2.8	3.8	0.97	12.5	8.1	91	1018.4	21.4	22.3	10.6	99	99
2003	11	24	6	99	279	3.8	4.8	1.07	11.11	8.42	92	1018.5	21.4	22.2	12.1	99	99
2003	11	24	7	99	286	3.8	4.8	1.06	12.5	8.1	97	1018.1	21.4	22.2	13.4	99	99
2003	11	24	8	99	298	3	3.7	1.18	11.11	8.56	88	1018	21.2	22.3	14.3	99	99
2003	11	24	9	99	307	3.1	4	1.19	12.5	8.49	100	1017.7	21.2	22.7	14.1	99	99
2003	11	24	10	99	325	1.8	2.6	1.24	12.5	8.99	106	1017.2	21.2	22.7	12.9	99	99
2003	11	24	11	99	289	1	1.7	1.34	12.5	9.4	105	1016.7	21.4	22.7	12.3	99	99
2003	11	24	12	99	166	1.3	1.8	1.37	12.5	9.27	119	1017.2	21.5	22.9	12.4	99	99
2003	11	24	13	99	134	3.3	4.2	1.48	12.5	9.5	141	1016.7	22.2	22.9	13.9	99	99
2003	11	24	14	99	141	2.3	3	1.37	12.5	9.43	140	1017.2	22.4	22.7	13.9	99	99
2003	11	24	15	99	142	3.1	4.1	1.35	12.5	9.39	128	1017.2	22.7	22.7	14.2	99	99
2003	11	24	16	99	158	4.5	5.5	1.35	12.5	9.1	104	1016.5	22.7	22.2	14.7	99	99
2003	11	24	17	99	163	4.8	6.4	1.16	11.11	8.71	100	1015.8	23	22.2	15.5	99	99
2003	11	24	18	99	192	7.4	9.1	1.29	11.11	6.93	101	1014.7	23.4	22.2	14.7	99	99
2003	11	24	19	99	198	5.8	6.8	1.27	12.5	6.08	100	1014	23.4	22.2	14	99	99
2003	11	24	20	99	213	6.6	7.9	1.16	12.5	5.44	93	1013.2	23.5	22	14.7	99	99
2003	11	24	21	99	207	6.8	8.8	1.22	11.11	5.4	100	1012.8	23.5	22.2	15.2	99	99
2003	11	24	22	99	205	7.4	8.4	1.38	11.11	5.06	108	1012.5	23.5	22.2	14.7	99	99
2003	11	24	23	99	198	8.7	10.6	1.28	11.11	4.95	121	1011.6	23.5	22.3	15.9	99	99
2003	11	25	0	99	221	7.6	9.6	1.42	11.11	4.97	125	1011.6	23.3	22.4	16.8	99	99
2003	11	25	1	99	235	5.4	6.4	1.37	12.5	5.35	122	1011.6	23	22.2	17.4	99	99
2003	11	25	2	99	240	6.8	8.5	1.31	12.5	5.22	124	1011.7	23	22.2	17.7	99	99
2003	11	25	3	99	247	9.5	12.5	1.39	12.5	5.22	94	1011.7	22.8	22	17.6	99	99
2003	11	25	4	99	263	7.5	9.5	1.43	11.11	5.19	71	1011.8	21.9	22	17.2	99	99
2003	11	25	5	99	268	9.6	11.4	1.51	5.26	5.14	210	1011.8	21.5	22	15.9	99	99
2003	11	25	6	99	277	9.7	11.3	1.53	11.11	5.02	77	1011.6	20.6	22	16.2	99	99
2003	11	25	7	99	297	9.9	11.9	1.57	5.56	5.11	213	1011.8	19.7	22	16.2	99	99
2003	11	25	8	99	313	9.6	11.3	1.45	5.88	4.86	206	1012.5	19.2	21.9	13.4	99	99
2003	11	25	9	99	353	11.5	13.5	1.55	5.56	4.8	217	1012.8	17.7	21.9	12.5	99	99
2003	11	25	10	99	360	10.8	12.1	1.48	4.55	4.58	289	1013.4	16.4	21.9	9.5	99	99
2003	11	25	11	99	2	10.9	13.1	1.63	5	4.96	323	1013.7	16	21.9	10.4	99	99
2003	11	25	12	99	5	11.5	13.4	1.81	5.56	4.87	335	1015	15.3	21.9	8.7	99	99
2003	11	25	13	99	21	10.6	13.1	1.87	5.56	5.13	352	1016.1	15.7	21.9	10.2	99	99
2003	11	25	14	99	31	10.2	12.2	1.8	5.56	4.91	3	1016.6	16.6	21.9	11.8	99	99
2003	11	25	15	99	35	9.5	11.3	1.8	5.88	4.99	16	1017.2	17.7	21.9	12.9	99	99
2003	11	25	16	99	42	10.9	13.2	1.75	5	4.82	16	1017.3	16.9	21.9	12.4	99	99
2003	11	25	17	99	42	10.4	12.5	1.88	5.88	4.9	37	1017.2	17.2	21.5	13.3	99	99
2003	11	25	18	99	38	11.3	14.2	2.02	5.88	5	41	1016.5	17.2	21.5	13.5	99	99
2003	11	25	19	99	40	10.7	12.7	1.9	6.67	4.97	44	1016.2	17.5	21.4	13.6	99	99
2003	11	25	20	99	31	10.9	13	1.9	7.14	5.03	44	1016.2	17.3	21.4	13.1	99	99
2003	11	25	21	99	38	10.8	12.5	1.86	6.67	4.98	42	1016.6	17.1	21.4	13.4	99	99
2003	11	25	22	99	35	10.3	12.4	1.77	5.88	4.94	42	1017.2	17.2	21.4	13.6	99	99
2003	11	25	23	99	38	9.7	12.3	1.8	6.67	5.07	52	1017.3	17.3	21.4	13.4	99	99
2003	11	26	0	99	30	10.3	12.1	1.82	5.56	5.05	51	1017.5	17.3	21.5	13.7	99	99
2003	11	26	1	99	31	10.8	12.5	1.83	6.67	5.21	55	1017.2	17.3	21.5	13.8	99	99
2003	11	26	2	99	33	10.3	12	1.99	6.67	5.25	51	1017.6	17.3	21.5	13.9	99	99
2003	11	26	3	99	31	9.9	11.6	1.82	6.67	5.26	56	1017.6	17.8	21.4	14.5	99	99
2003	11	26	4	99	38	10	12	1.78	6.25	5.13	54	1017.5	18	21.2	14.8	99	99
2003	11	26	5	99	52	8.7	10.9	1.77	5.88	5.2	53	1017.2	19.1	21.2	15.6	99	99
2003	11	26	6	99	63	7.8	9.1	1.71	5.56	4.93	49	1017.3	19.6	21.1	15.9	99	99
2003	11	26	7	99	52	8.3	9.9	1.45	11.11	5.07	47	1017	20	21.3	16.6	99	99
2003	11	26	8	99	52	8.2	9.8	1.42	10	5.01	51	1016.7	20.5	21.9	16.8	99	99
2003	11	26	9	99	40	8.3	10.1	1.37	5.88	4.66	58	1016.8	20.5	22.2	17.2	99	99
2003	11	26	10	99	14	8.6	10	1.45	5.56	4.73	50	1017.3	19.7	22.2	17.3	99	99
2003	11	26	11	99	31	9.6	11.2	1.46	5.56	4.59	50	1017.3	19.6	22.7	17	99	99
2003	11	26	12	99	29	8.6	10.1	1.49	5.26	4.75	47	1018	19.7	22.7	16.9	99	99
2003	11	26	13	99	6	7.9	9.1	1.48	5.26	4.8	39	1019.5	19.1	22.7	16.6	99	99
2003	11	26	14	99	27	7.9	11.2	1.47	5	4.76	47	1019.5	19.5	22.9	16.7	99	99
2003	11	26	15	99	352	10.4	11.9	1.47	5.88	4.69	62	1020.4	17.7	22.9	14.3	99	99
2003	11	26	16	99	15	10	11.6	1.57	5	4.58	49	1020.2	17.5	22.9	13.2	99	99
2003	11	26	17	99	19	8.2	10	1.51	5.56	4.82	60	1019.8	18.1	22.9	13.8	99	99
2003	11	26	18	99	18	7.6	9.4	1.4	5.26	4.65	56	1019.4	18.3	22.9	14.1	99	99
2003	11	26	19	99	22	7.6	9	1.27	6.25	4.66	64	1019.5	18.3	23	14.2	99	99
2003	11	26	20	99	33	7.5	9.2	1.27	5.56	4.77	55	1019.4	18.4	23	14.2	99	99
2003	11	26	21	99	38	6.4	7.7	1.24	5.88	4.75	53	1020.2	18.4	23	14.4	99	99
2003	11	26	22	99	42	4.8	6.2	1.2	5.88	4.74	63	1020.8	18.8	23	14.2	99	99
2003	11	26	23	99	58	4.6	5.9	1.21	5.56	5.04	60	1021	19.1	23.3	14.4	99	99
2003	11	27	0	99	68	4	5.5	1.06	5.56	5.02	62	1021.3	19.6	23.4	14.9	99	99
2003	11	27	1	99	81	3.6	4.6	1	5.88	5.17	70	1021.9	20.3	23.4	15	99	99
2003	11	27	2	99	82	2.4	3.6	1	5.56	5.27	64	1022	20.4	23.5	14.2	99	99
2003	11	27	3	99	96	2.6	4.1	0.96	10	5.41	92	1022.2	21.1	23.4	13.3	99	99
2003	11	27	4	99	112	2.5	3.4	0.9	11.11	5.46	87	1022.1	21.4	23.4	13.7	99	99
2003	11	27	5	99	123	1.9	2.9	0.84	10	5.32	97	1021.9	21.9	23.4	999	99	99
2003	11	27	6	99	108	2.9	3.7	0.76	10	5.2	104	1021.2	22	23.5	14.6	99	99
2003	11	27	7	99	70	2	2.7	0.78	10	5.4	106	1021.2	22.2	23.4	14.6	99	99
2003	11	27	8	99	7	2.7	4	0.8	10	5.31	90	1020.9	21.9	23.5	15.6	99	99
2003	11	27	9	99	5	5.3	6.3	0.79	10	5.52	83	1020.3	22.2	23.5	16	99	99
2003	11	27	10	99	19	6.6	7.7	0.73	10	5.52	88	1019.9	22.1	23.7	15.3	99	99
2003	11	27	11	99	47	7.7	9	0.72	11.11	4.67	75	1020.4	20.9	23.7	17.2	99	99
2003	11	27	12	99	33	8.6	10	0.89	10	4.21	87	1020.6	20.3	23.7	18.6	99	99
2003	11	27	13	99	22	8.6	10.4	1.05	4.35	4.16	46	1021.1	19.4	23.8	17.2	99	99
2003	11	27	14	99	28	9.2	11	1.15	4.76	4.28	53	1021.6	19.6	24.2	15.7	99	99
2003	11	27	15	99	358	7.9	9.3	1.24	5	4.44	56	1022.4	18.9	24.2	16.3	99	99
2003	11	27	16	99	33	9.8	11.5	1.51	6.25	4.84	123	1020.9	19.6	24.2	17.3	99	99
2003	11	27	17	99	38	7.5	8.9	1.53	5.56	4.86	87	1020.7	19.9	24.2	17.3	99	99
2003	11	27	18	99	43	5.6	6.9	1.41	5.56	4.74	82	1020.3	20.7	23.8	17.9	99	99
2003	11	27	19	99	58	3.2	3.9	1.37	5.88	4.85	124	1020.3	21.8	23.8	17.8	99	99
2003	11	27	20	99	103	2.9	3.8	1.2	5.56	4.86	118	1020.3	22.3	23.8	17.1	99	99
2003	11	27	21	99	119	3.4	4.4	1.23	5.56	4.85	118	1019.7	22.7	23.8	17.6	99	99
2003	11	27	22	99	120	3.9	4.7	1.15	5.26	4.78	102	1020.3	23	23.9	17.8	99	99
2003	11	27	23	99	124	3.7	4.7	1.05	5.56	4.82	131	1020.3	23.5	24.2	18.6	99	99
2003	11	28	0	99	142	4.8	5.8	0.96	4.76	4.76	127	1019.7	23.9	24.2	19	99	99
2003	11	28	1	99	180	6.8	8.2	0.91	5	4.69	137	1019.6	24.5	24.3	19	99	99
2003	11	28	2	99	166	7.7	10.1	1.03	5	4.12	164	1019.5	23.1	24.3	18.8	99	99
2003	11	28	3	99	292	1.7	3.3	1.05	5	4.34	149	1019.6	22.7	24.3	19.6	99	99
2003	11	28	4	99	183	3.1	3.8	0.95	5	4.55	155	1019.4	23	24.3	19.6	99	99
2003	11	28	5	99	196	6.8	11.6	0.98	5.56	4.65	161	1018.9	23.7	24.3	17.8	99	99
2003	11	28	6	99	196	7.3	8.5	0.97	5	4.43	164	1018	23.5	24.3	17.6	99	99
2003	11	28	7	99	191	8.2	9.6	1.03	5.26	4.51	170	1017.4	24.3	24.3	15.4	99	99
2003	11	28	8	99	194	7.7	9.3	1.1	5.26	4.35	173	1017.2	24.2	24.2	15.7	99	99
2003	11	28	9	99	200	7.8	9.3	1.11	5.26	4.3	176	1016.5	24.2	23.8	17.2	99	99
2003	11	28	10	99	194	8.3	9.5	1.18	5.26	4.31	179	1016.4	24.2	23.7	15.7	99	99
2003	11	28	11	99	200	8.5	9.6	1.23	5.26	4.36	176	1015.8	24.2	23.8	14.9	99	99
2003	11	28	12	99	196	8.2	10.2	1.2	5	4.27	192	1015.6	24.3	23.8	15.2	99	99
2003	11	28	13	99	183	8.7	10	1.22	5.26	4.25	185	1014.7	24.3	24.2	15.9	99	99
2003	11	28	14	99	178	10.3	12.3	1.31	5.26	4.22	187	1013.6	24.3	24.2	16.3	99	99
2003	11	28	15	99	185	11	13	1.34	5	4.22	195	1013.4	24.5	24.2	17.1	99	99
2003	11	28	16	99	178	12.2	14.3	1.57	5.26	4.45	185	1011.9	24.5	24.2	17.2	99	99
2003	11	28	17	99	217	10.7	13	1.75	5.88	4.65	204	1010.7	24.1	24.2	19.3	99	99
2003	11	28	18	99	213	10.4	12.7	1.78	5.88	4.77	185	1009.2	24.2	23.9	17.6	99	99
2003	11	28	19	99	222	11.5	13.9	1.82	5.88	4.74	198	1007.9	24.1	23.8	18.2	99	99
2003	11	28	20	99	205	12.2	15.3	1.82	6.25	4.96	191	1006.9	24.5	24.2	18.2	99	99
2003	11	28	21	99	209	13.3	17.2	2.27	6.67	5.2	195	1006.3	24.8	24.2	18.4	99	99
2003	11	28	22	99	203	13.9	18.2	2.67	6.67	5.41	189	1005.6	24.7	24.2	17.9	99	99
2003	11	28	23	99	203	15	19.6	2.78	6.67	5.56	200	1005	24.7	24.1	17.2	99	99
2003	11	29	0	99	203	16.8	22.2	3.15	7.14	5.77	210	1003.9	25	23.8	17.8	99	99
2003	11	29	1	99	259	15.6	19.3	3.13	7.69	5.75	198	1006.3	17.7	23.8	12.1	99	99
2003	11	29	2	99	267	17.1	21.1	3	7.69	5.44	198	1006.8	17.6	23.8	7.6	99	99
2003	11	29	3	99	265	16.5	20.8	3.12	7.69	5.62	211	1008.6	14.4	23.7	7.4	99	99
2003	11	29	4	99	275	15.1	19.7	3.3	7.69	5.78	215	1010.1	14	23.7	8.5	99	99
2003	11	29	5	99	275	14.2	17.6	3.16	8.33	5.87	199	1011	12.9	23.5	7	99	99
2003	11	29	6	99	279	14.5	18.7	3.19	7.69	5.81	226	1011.5	12.1	23.5	4.2	99	99
2003	11	29	7	99	288	14.8	17.7	3.27	7.69	5.78	235	1012.2	11.3	23.4	3.2	99	99
2003	11	29	8	99	285	13.4	16.4	2.92	7.69	5.51	230	1013.4	10.8	23.4	1.2	99	99
2003	11	29	9	99	289	13.9	17.7	3.08	7.69	5.94	234	1014	10.4	23	1.8	99	99
2003	11	29	10	99	288	13.2	16.4	2.7	8.33	5.58	214	1014.7	9.8	22.9	0.7	99	99
2003	11	29	11	99	290	13.3	17.6	2.76	8.33	5.72	213	1015.8	8.9	22.7	1.5	99	99
2003	11	29	12	99	294	14.4	19.7	2.84	8.33	5.72	215	1016.5	8.6	22.7	1.1	99	99
2003	11	29	13	99	295	16.1	19.5	2.97	8.33	5.69	217	1017.3	7.9	22.7	0.5	99	99
2003	11	29	14	99	303	16.5	20.5	2.94	6.67	5.58	264	1018.5	7.4	22.7	-1.3	99	99
2003	11	29	15	99	301	15.2	18.8	3.08	7.69	5.79	246	1019.1	7.3	22.7	1.5	99	99
2003	11	29	16	99	299	12.8	16.2	2.53	7.69	5.37	241	1019.7	7.2	22.7	-0.7	99	99
2003	11	29	17	99	300	11.5	13.8	2.43	7.69	5.21	225	1019.6	7.5	22.7	-1.4	99	99
2003	11	29	18	99	302	10.3	14.4	2.09	7.69	5.12	217	1019.7	8.2	22.7	0.5	99	99
2003	11	29	19	99	296	10.7	13.2	1.86	5.88	4.9	268	1019.4	8.9	22.7	-0.4	99	99
2003	11	29	20	99	294	10	12.9	1.77	7.69	4.83	220	1019.8	9.3	22.5	-0.1	99	99
2003	11	29	21	99	297	9.9	13.2	1.69	7.69	4.77	216	1020.5	9.8	22.2	-1.4	99	99
2003	11	29	22	99	301	9.7	12	1.56	5.56	4.77	258	1021.2	10.2	22.2	0.8	99	99
2003	11	29	23	99	298	8.6	11.6	1.5	5.26	4.6	264	1022	10.2	22	-2.1	99	99
2003	11	30	0	99	306	9.7	12.9	1.42	6.25	4.62	224	1022.9	10.6	21.9	-2.6	99	99
2003	11	30	1	99	297	9.8	13.1	1.48	5.26	4.63	250	1023.7	10.6	21.9	-1	99	99
2003	11	30	2	99	309	10.6	14	1.55	5	4.54	275	1023.8	10.5	21.9	0.1	99	99
2003	11	30	3	99	316	9.9	12.6	1.67	4.76	4.76	295	1023.8	10.1	21.9	-0.9	99	99
2003	11	30	4	99	320	9.1	11.8	1.52	5.26	4.65	272	1024	9.8	21.9	-2.9	99	99
2003	11	30	5	99	320	8.3	11.7	1.39	5.26	4.52	276	1023.7	9.8	21.5	-3	99	99
2003	11	30	6	99	324	7	9.5	1.37	5.26	4.46	269	1024	9.7	21.9	-2.6	99	99
2003	11	30	7	99	316	5.6	8.1	1.13	5.26	4.35	263	1024.1	9.6	21.9	-2.1	99	99
2003	11	30	8	99	328	3.6	6.1	1.06	5	4.27	264	1024.3	9.5	21.5	-2.8	99	99
2003	11	30	9	99	313	2.9	5.1	0.94	5	4.36	260	1024.2	9.7	21.5	-2.8	99	99
2003	11	30	10	99	274	2.1	3.6	0.85	4.35	4.2	295	1024.2	9.9	21.4	-2	99	99
2003	11	30	11	99	246	3.8	6.2	0.75	4.76	4.26	248	1024.3	10.6	21.4	-0.9	99	99
2003	11	30	12	99	272	3.2	5.1	0.69	4.55	4.26	251	1025	11.1	21.2	0.7	99	99
2003	11	30	13	99	264	4.8	6.6	0.64	4.35	4.31	252	1025.1	12.1	21.1	1.6	99	99
2003	11	30	14	99	259	5.2	9.2	0.61	7.69	4.24	100	1025.2	12.7	21.1	1.7	99	99
2003	11	30	15	99	264	5.9	8.1	0.61	7.69	4.05	97	1025.3	13	21.1	3.6	99	99
2003	11	30	16	99	274	6.5	8.7	0.69	3.57	3.86	280	1025.5	12.8	21.1	3.9	99	99
2003	11	30	17	99	251	5.6	7.1	0.72	3.45	3.85	283	1024.4	12.7	21.2	4.9	99	99
2003	11	30	18	99	236	7.5	9.2	0.73	3.85	3.86	283	1023	12.9	21.4	4.4	99	99
2003	11	30	19	99	229	7.5	9.3	0.77	3.7	3.97	285	1022.1	13.8	21.4	4.4	99	99
2003	11	30	20	99	233	7.8	11.3	0.85	3.85	3.78	271	1021.9	14.5	21.5	4.4	99	99
2003	11	30	21	99	231	8.3	9.8	0.93	4	3.98	260	1021.8	15.3	21.4	6.3	99	99
2003	11	30	22	99	237	8.5	10.4	1.02	4.35	3.91	258	1021.7	15.9	21.4	6.3	99	99
2003	11	30	23	99	233	8	9.3	1.12	4.55	4.12	260	1021.9	16.5	21.4	6.9	99	99
2003	12	1	0	99	241	8.2	10.6	1.15	5	4.29	256	1022	17.1	21.3	6	99	99
2003	12	1	1	99	241	9.8	11.7	1.23	5	4.44	249	1021.9	17.3	21.2	7.9	99	99
2003	12	1	2	99	241	8.9	10.7	1.28	5.26	4.36	247	1022	17.3	21.2	6.7	99	99
2003	12	1	3	99	242	9.1	11	1.36	5	4.5	248	1021.7	17.3	21.2	8.2	99	99
2003	12	1	4	99	248	9.6	11.4	1.34	5.56	4.45	250	1021.2	17.2	21.4	6.6	99	99
2003	12	1	5	99	252	9.5	11.7	1.43	5.56	4.49	250	1020.9	17.3	21.4	7.6	99	99
2003	12	1	6	99	255	9.8	11.8	1.42	5.56	4.35	246	1020.6	17.2	21.5	7	99	99
2003	12	1	7	99	254	10.2	12.3	1.5	5.26	4.4	245	1020.6	16.8	21.5	7.6	99	99
2003	12	1	8	99	258	11.2	13.6	1.68	5.56	4.56	246	1020.5	16.7	21.4	7.6	99	99
2003	12	1	9	99	256	11.4	13.3	1.71	5.56	4.62	242	1020.4	16.7	21.2	6.4	99	99
2003	12	1	10	99	258	11.2	13.3	1.72	5.56	4.68	250	1020.4	16.5	21.1	5.6	99	99
2003	12	1	11	99	262	10.1	12.2	1.7	6.25	4.65	244	1020.5	16.2	20.7	6.6	99	99
2003	12	1	12	99	265	10	13	1.74	6.25	4.82	242	1020.9	16.1	20.7	5.9	99	99
2003	12	1	13	99	261	11.3	13.3	1.89	6.25	4.92	243	1020.5	16.4	20.6	3.3	99	99
2003	12	1	14	99	260	11.1	13.6	1.94	6.25	4.91	236	1020.9	16	20.4	6.1	99	99
2003	12	1	15	99	275	10.1	11.3	1.81	6.67	4.8	235	1021.1	14.9	20.4	3.8	99	99
2003	12	1	16	99	270	7.8	9.2	1.71	6.67	4.93	229	1020.6	14.9	20.4	4.9	99	99
2003	12	1	17	99	278	7.9	10	1.63	6.67	4.97	232	1019.8	14.8	20.3	5.5	99	99
2003	12	1	18	99	259	5.9	7.2	1.48	6.67	4.9	227	1018.9	15.1	20.3	4.5	99	99
2003	12	1	19	99	250	6.2	7.3	1.39	6.67	4.89	220	1018.3	15.6	19.9	4.3	99	99
2003	12	1	20	99	255	7.5	9.1	1.29	6.25	4.85	230	1018	16.4	19.8	5.3	99	99
2003	12	1	21	99	255	7.8	8.8	1.21	5.88	4.69	228	1018	16.7	19.8	7	99	99
2003	12	1	22	99	273	9.1	10.7	1.26	6.25	4.62	214	1018.8	17.1	19.6	7.2	99	99
2003	12	1	23	99	278	9.1	10.9	1.19	6.25	4.36	211	1019.4	18	19.5	6.1	99	99
2003	12	2	0	99	276	8.1	9.3	1.15	6.25	4.44	213	1020	18.1	19.3	7.1	99	99
2003	12	2	1	99	283	9.1	11.1	1.13	5.88	4.52	210	1020.6	18.3	19.2	5.9	99	99
2003	12	2	2	99	293	9.1	11	1.15	6.25	4.47	208	1021.1	18.1	19.1	7.7	99	99
2003	12	2	3	99	320	9.6	11.4	1.22	5.88	4.46	210	1021.8	17.6	19.1	7.4	99	99
2003	12	2	4	99	335	11.3	13.4	1.22	5.88	4.31	203	1022.1	16.8	19.1	1.3	99	99
2003	12	2	5	99	338	12.8	15.2	1.38	4	4.29	316	1022.3	16	19.1	2	99	99
2003	12	2	6	99	349	12.7	15.3	1.72	5.26	4.58	347	1022.6	14.9	19	0.6	99	99
2003	12	2	7	99	357	12.7	16.3	2.18	5.88	4.96	349	1023.5	13.7	18.8	3.1	99	99
2003	12	2	8	99	354	13.1	16.6	2.07	6.67	5.11	11	1024.1	12.2	18.8	0.4	99	99
2003	12	2	9	99	357	13.1	15.8	2.31	6.67	5.16	8	1024.8	11.2	18.8	-1.2	99	99
2003	12	2	10	99	357	13.1	17.1	2.25	6.25	5.19	1	1025.1	10.7	18.8	-1.1	99	99
2003	12	2	11	99	353	12.2	14.6	2.45	6.67	5.36	11	1025.8	10.2	18.7	-1.4	99	99
2003	12	2	12	99	345	11.6	14	2.05	6.67	5.01	16	1026.7	9.6	18.4	-1.2	99	99
2003	12	2	13	99	353	11.3	14.2	1.88	6.67	5	19	1027.3	9.6	18.3	-0.8	99	99
2003	12	2	14	99	354	11.8	14.4	1.97	6.25	5	22	1027.9	9.6	18.3	-2	99	99
2003	12	2	15	99	346	11.6	13.8	1.82	6.25	4.78	21	1028.2	9.7	18.3	-1.1	99	99
2003	12	2	16	99	347	11.3	13.6	1.77	5.88	4.9	15	1027.8	10.4	18.7	0.2	99	99
2003	12	2	17	99	342	10.5	12.5	1.75	6.25	4.89	21	1026.7	10.7	18.8	-1.9	99	99
2003	12	2	18	99	346	9.6	11.1	1.85	6.67	5.16	22	1025.8	11.3	18.8	-1.6	99	99
2003	12	2	19	99	333	8.6	10.7	1.74	6.25	5.11	14	1025.6	11.3	18.8	-3	99	99
2003	12	2	20	99	329	8.3	10.6	1.56	5.56	4.77	2	1025.7	11.4	18.8	-3.7	99	99
2003	12	2	21	99	336	7.7	9.2	1.27	5.88	4.57	25	1025.8	12	18.7	-3.8	99	99
2003	12	2	22	99	334	7.5	10	1.19	14.29	4.62	39	1026.6	12	18.7	-5.3	99	99
2003	12	2	23	99	333	6.8	8.8	1.1	4.55	4.48	1	1027.2	11.9	18.7	-5.9	99	99
2003	12	3	0	99	353	7.2	9	1.09	8.33	4.61	66	1028.1	12	18.3	-4.6	99	99
2003	12	3	1	99	343	6.7	9.4	1.02	4.55	4.5	15	1028.2	11.8	18.3	-3.6	99	99
2003	12	3	2	99	357	6.3	8.3	1.04	8.33	4.44	69	1028.3	11.8	18.3	-2.4	99	99
2003	12	3	3	99	11	6.7	9	1.06	10	4.72	71	1028.6	11.8	18.1	-3.1	99	99
2003	12	3	4	99	21	6.1	8.1	1.1	10	5.02	77	1028.8	11.9	18.3	-4.1	99	99
2003	12	3	5	99	28	6.1	9.4	1.02	9.09	5.25	69	1028.8	11.9	18.3	-4.5	99	99
2003	12	3	6	99	32	5.5	7.8	0.96	10	4.97	72	1028.4	11.8	18.3	-4.3	99	99
2003	12	3	7	99	23	5.9	7.8	0.98	14.29	5.03	123	1028.5	11.8	18.3	-2.7	99	99
2003	12	3	8	99	18	5.5	8.2	0.97	10	4.99	68	1028.9	11.7	18.3	-4.5	99	99
2003	12	3	9	99	20	5.9	8	0.97	10	4.98	71	1028.9	11.9	18.3	-4.1	99	99
2003	12	3	10	99	34	4.9	7.4	1.05	10	5.24	68	1028.9	11.8	18.3	-3.3	99	99
2003	12	3	11	99	31	5.5	7.2	1.07	8.33	5.15	70	1029.4	11.8	18.3	-2.7	99	99
2003	12	3	12	99	42	6.7	8.8	1.07	10	5.19	74	1029.8	11.8	18.1	-1	99	99
2003	12	3	13	99	55	7	9.2	1.06	9.09	5.05	74	1030.3	11.8	18	-0.9	99	99
2003	12	3	14	99	47	7	8.9	1.19	9.09	5.07	77	1031.4	11.7	18	1.9	99	99
2003	12	3	15	99	47	7.2	10.6	1.19	9.09	5.06	65	1031.9	11.7	18	2.7	99	99
2003	12	3	16	99	43	7.6	9.6	1.27	10	4.88	67	1032.3	11.4	18	1.1	99	99
2003	12	3	17	99	33	8.7	11.2	1.44	4.76	4.98	37	1031.7	11.3	18.3	2.9	99	99
2003	12	3	18	99	28	9.1	11.1	1.57	9.09	5.04	65	1031.4	10.8	18.4	2.6	99	99
2003	12	3	19	99	35	8.9	11.4	1.57	5.26	4.94	40	1031	10.8	18.7	2.1	99	99
2003	12	3	20	99	31	9.8	11.9	1.63	9.09	5.12	66	1030.5	10.3	18.7	2.5	99	99
2003	12	3	21	99	39	10	12.2	1.65	5.56	5.02	41	1030.9	10.4	18.8	2.9	99	99
2003	12	3	22	99	34	10.5	12.7	1.7	5.56	5.06	41	1030.5	10.3	18.8	1.5	99	99
2003	12	3	23	99	40	10.2	12.3	1.74	6.25	5	61	1030.4	10.5	18.8	4	99	99
2003	12	4	0	99	59	9.5	11.8	1.71	5.88	4.97	50	1031.2	11.1	18.7	3.6	99	99
2003	12	4	1	99	42	8.2	10.3	1.6	10	4.97	76	1031.4	11.6	18.7	3.6	99	99
2003	12	4	2	99	64	7.9	10.9	1.5	10	5	79	1030.5	11.9	18.8	3.4	99	99
2003	12	4	3	99	80	8	10.2	1.6	10	5.21	67	1029.8	12.5	18.9	4	99	99
2003	12	4	4	99	75	6.6	8.3	1.52	5	5.14	59	1029.9	13.4	19	4	99	99
2003	12	4	5	99	58	7.3	10.5	1.41	9.09	5.3	82	1029.5	13.9	19	4.9	99	99
2003	12	4	6	99	54	7.8	10.2	1.57	10	5.31	71	1028.5	14.1	18.8	5.7	99	99
2003	12	4	7	99	56	8.4	10.3	1.58	10	5.27	67	1027	14.4	18.8	6.7	99	99
2003	12	4	8	99	54	7.8	10.2	1.44	10	5.41	67	1028.1	14.7	18.8	7	99	99
2003	12	4	9	99	50	9.2	11.6	1.42	10	5.2	77	1027.3	14.8	18.8	8.4	99	99
2003	12	4	10	99	41	10.9	12.9	1.61	10	5.14	65	1026.6	14.2	18.8	9.7	99	99
2003	12	4	11	99	34	11.4	13.3	1.87	5.56	5.11	37	1026.8	13.7	18.8	10.5	99	99
2003	12	4	12	99	42	12	14.7	2	5.88	5.14	50	1026.6	14.1	18.8	10.9	99	99
2003	12	4	13	99	54	11.3	13.7	2.02	6.25	5.24	44	1026.2	14.9	18.8	11	99	99
2003	12	4	14	99	55	10.1	12.3	2.05	5.88	5.18	48	1026.5	15.7	18.8	11.5	99	99
2003	12	4	15	99	48	10.5	13	1.93	6.67	5.14	50	1026.5	15.8	18.8	11.4	99	99
2003	12	4	16	99	74	9.5	13.3	1.85	6.67	4.99	48	1025.7	16.1	19.1	12.4	99	99
2003	12	4	17	99	65	10.3	12.6	1.95	5.88	4.96	51	1023.5	17.3	19.1	999	99	99
2003	12	4	18	99	107	10	11.9	1.93	6.67	4.91	55	1022.3	18.8	19.5	999	99	99
2003	12	4	19	99	110	10.2	13.4	2.02	5.88	5.07	83	1021.5	18	19.5	11.5	99	99
2003	12	4	20	99	101	10.8	13	2.21	6.25	5.08	101	1020	18.4	19.8	12.6	99	99
2003	12	4	21	99	121	11.7	14.5	2.37	6.25	5.26	109	1018.9	19.2	20.3	999	99	99
2003	12	4	22	99	122	10.6	12.8	2.34	5.88	5.24	103	1019	17.9	20.6	13.4	99	99
2003	12	4	23	99	117	10.9	13.2	2.21	6.67	5.42	115	1017.9	18.9	20.7	13.2	99	99
2003	12	5	0	99	149	10.9	12.8	2.41	6.67	5.5	121	1018.1	18.8	21.1	14.4	99	99
2003	12	5	1	99	132	11	13.7	2.61	7.14	5.72	144	1017.2	17.6	21.1	15.2	99	99
2003	12	5	2	99	152	12.7	14.9	2.73	7.14	5.83	132	1015.7	19.1	20.7	16.7	99	99
2003	12	5	3	99	154	14.3	17.4	3.57	7.69	6.31	154	1013.7	19.8	20.6	16.8	99	99
2003	12	5	4	99	224	8	9.4	3.04	8.33	6.12	150	1014.3	19.6	20.7	16.3	99	99
2003	12	5	5	99	258	4.6	6.2	2.5	8.33	5.82	145	1014.6	18.1	21.1	15.7	99	99
2003	12	5	6	99	264	2.9	4.4	2.33	9.09	6.08	136	1013.6	18	21.2	15.8	99	99
2003	12	5	7	99	270	4.2	5.5	2.15	9.09	5.98	145	1013.2	18.1	21.4	15.8	99	99
2003	12	5	8	99	286	6.9	8.9	2.33	8.33	6.42	151	1013.1	16.4	21.4	14.7	99	99
2003	12	5	9	99	284	5.9	7.2	2.14	9.09	6.52	160	1012.5	15.2	21.4	14.1	99	99
2003	12	5	10	99	282	7	9.2	2.15	9.09	6.6	193	1012.7	15.1	21.4	13.9	99	99
2003	12	5	11	99	290	6.9	9	2.44	9.09	7.13	210	1013.1	14.5	21.2	12.8	99	99
2003	12	5	12	99	303	7.9	10.1	2	9.09	6.66	224	1012.8	14.3	21.1	12.3	99	99
2003	12	5	13	99	302	7.2	9.8	2.31	9.09	6.83	221	1014	13.5	21.1	11.4	99	99
2003	12	5	14	99	311	6	8.4	2.21	9.09	6.65	291	1014.2	12.7	20.7	10.7	99	99
2003	12	5	15	99	320	5.3	6.9	2.05	8.33	6.51	129	1014.2	12.6	20.6	10	99	99
2003	12	5	16	99	305	4.6	6.5	2.13	8.33	6.77	130	1014.1	12.5	20.4	9.5	99	99
2003	12	5	17	99	287	4	5.5	99	99	99	999	1013.4	12.5	20.4	9.5	99	99
2003	12	5	18	99	295	5.6	7.3	99	99	99	999	1012.6	11.9	20.4	9.3	99	99
2003	12	5	19	99	286	5	7	99	99	99	999	1012.1	11.9	20.4	9.1	99	99
2003	12	5	20	99	274	4.4	6.6	99	99	99	999	1011.7	12.1	20.4	9.3	99	99
2003	12	5	21	99	292	6.2	8.4	1.58	9.09	6.46	108	1011.8	12	20.4	9	99	99
2003	12	5	22	99	282	5.3	8	1.66	9.09	6.44	131	1011.8	11.6	20.4	8.6	99	99
2003	12	5	23	99	270	5.8	8.7	99	99	99	999	1011.9	11.7	20.6	8.3	99	99
2003	12	6	0	99	283	6.3	9.2	1.58	9.09	6.44	257	1012.3	11.5	20.6	8.2	99	99
2003	12	6	1	99	282	6.7	9.3	1.51	8.33	5.92	247	1012.6	10.8	20.6	7.9	99	99
2003	12	6	2	99	277	7.5	10.1	1.5	8.33	5.87	139	1012.9	10.5	20.6	7.7	99	99
2003	12	6	3	99	282	7.9	11.1	1.63	8.33	5.63	138	1012.8	10	20.6	7.1	99	99
2003	12	6	4	99	285	8.3	10.3	1.66	8.33	5.69	126	1012.7	10.2	20.4	5.8	99	99
2003	12	6	5	99	282	9	12.9	1.52	8.33	5.11	128	1012.6	10.6	20.4	5.2	99	99
2003	12	6	6	99	269	9.2	12	1.37	8.33	4.96	118	1012.2	10.8	20.4	4.7	99	99
2003	12	6	7	99	263	8.9	11.8	1.43	7.69	4.77	138	1011.8	11.1	20.6	5.9	99	99
2003	12	6	8	99	270	9.8	12.8	1.44	9.09	4.92	216	1011.8	11.1	20.6	5.7	99	99
2003	12	6	9	99	276	10.1	13.1	1.53	5.26	4.81	254	1011.5	11.2	20.7	4.7	99	99
2003	12	6	10	99	278	11.6	15.3	1.33	5.26	4.67	259	1011.4	11.3	20.7	4.2	99	99
2003	12	6	11	99	278	10.8	15.9	1.29	5.26	4.71	261	1011.6	11.1	21.1	4	99	99
2003	12	6	12	99	300	11	13	99	99	99	999	1012.1	10.3	21.1	4.9	99	99
2003	12	6	13	99	308	10.7	13	1.6	5.26	4.52	253	1012.7	9.6	20.7	4.6	99	99
2003	12	6	14	99	315	11.2	14.2	1.65	5.56	4.55	243	1013.3	8.7	20.7	4.3	99	99
2003	12	6	15	99	325	9.4	12	1.69	5.26	4.59	263	1014.1	8.1	20.7	4.3	99	99
2003	12	6	16	99	348	9	11.9	1.58	5	4.65	288	1013.9	8.3	20.7	4.6	99	99
2003	12	6	17	99	338	10.4	14.1	1.5	5	4.61	307	1013.6	9.2	20.6	4.1	99	99
2003	12	6	18	99	337	10.2	14.2	1.72	5.26	4.73	318	1013	9.9	20.6	3.7	99	99
2003	12	6	19	99	341	10.8	13.1	1.53	5.56	4.69	321	1011.9	10.3	20.6	3.2	99	99
2003	12	6	20	99	329	10	12.7	99	99	99	999	1011.8	10.3	20.6	3.1	99	99
2003	12	6	21	99	336	9.5	12.7	99	99	99	999	1012.5	10.5	20.4	3.8	99	99
2003	12	6	22	99	325	9.6	12.2	99	99	99	999	1013.3	10.5	20.4	3.6	99	99
2003	12	6	23	99	330	10.2	13.9	99	99	99	999	1014.7	10.1	20.4	2.8	99	99
2003	12	7	0	99	327	10.8	13.1	1.84	5.88	4.6	360	1015.8	10.2	20.4	3.4	99	99
2003	12	7	1	99	334	10.4	13.6	99	99	99	999	1016.9	10.3	20.4	2.1	99	99
2003	12	7	2	99	335	8.8	12.8	99	99	99	999	1017.2	10.3	20.3	2.5	99	99
2003	12	7	3	99	338	8.2	11.1	1.36	5.26	4.47	331	1017.5	10	20.3	0.5	99	99
2003	12	7	4	99	334	7.6	12	1.27	5.26	4.53	351	1017.6	9.6	19.9	0.4	99	99
2003	12	7	5	99	338	9.6	12.2	99	99	99	999	1017.1	9.2	19.9	1.6	99	99
2003	12	7	6	99	332	8.6	10.9	99	99	99	999	1017.4	8.5	19.8	0.5	99	99
2003	12	7	7	99	332	8.6	11	99	99	99	999	1017.3	8	19.8	1.5	99	99
2003	12	7	8	99	342	9.5	12.2	99	99	99	999	1017.3	8.1	19.6	0.6	99	99
2003	12	7	9	99	338	10.1	12.7	99	99	99	999	1017.2	7.9	19.8	0.8	99	99
2003	12	7	10	99	337	10.5	13	99	99	99	999	1017.1	7.7	19.8	0.5	99	99
2003	12	7	11	99	339	9.4	11.8	99	99	99	999	1017.7	7.7	19.6	-0.9	99	99
2003	12	7	12	99	337	10.3	13.2	1.75	5.88	4.9	355	1018	7.3	19.6	-1.4	99	99
2003	12	7	13	99	343	9.6	12.8	1.76	5.88	4.87	356	1018.7	7.2	19.6	-1.1	99	99
2003	12	7	14	99	334	9.2	11.7	1.64	5.26	4.78	337	1019.4	7.3	19.5	-1.1	99	99
2003	12	7	15	99	332	8.1	11.5	99	99	99	999	1020	7	19.5	-1.6	99	99
2003	12	7	16	99	326	6.9	9	99	99	99	999	1020.1	6.8	19.1	-1.6	99	99
2003	12	7	17	99	306	6.4	8.7	99	99	99	999	1019.2	6.6	19.1	-3.8	99	99
2003	12	7	18	99	321	6.5	9.4	99	99	99	999	1018.4	6.7	19.1	-3.1	99	99
2003	12	7	19	99	308	5.6	8.4	99	99	99	999	1017.6	7.2	19.1	-2.7	99	99
2003	12	7	20	99	305	6.6	9.2	99	99	99	999	1017.3	7.9	19	-2.2	99	99
2003	12	7	21	99	296	6.4	10.1	99	99	99	999	1017.3	8.4	19	-3	99	99
2003	12	7	22	99	302	7.1	9.5	99	99	99	999	1017.7	9.1	19.1	-2.6	99	99
2003	12	7	23	99	313	8.4	10.9	1.07	4.17	4.33	314	1018	9.5	19.1	-1.4	99	99
2003	12	8	0	99	315	8.6	11.6	99	99	99	999	1018.5	9.6	19.1	-1.3	99	99
2003	12	8	1	99	316	9.2	11.6	99	99	99	999	1019	9.8	19	-1.4	99	99
2003	12	8	2	99	325	8.5	10.9	1.23	4.35	4.4	305	1019.5	10	18.8	-2.4	99	99
2003	12	8	3	99	337	6.7	8.2	99	99	99	999	1020.1	10.1	18.8	-2.8	99	99
2003	12	8	4	99	329	6.3	8.6	99	99	99	999	1020.4	10.2	18.8	-1.6	99	99
2003	12	8	5	99	333	5.8	8.3	99	99	99	999	1020.3	10.3	18.8	-1.6	99	99
2003	12	8	6	99	332	5.2	7.2	99	99	99	999	1019.9	10.4	18.7	-1.6	99	99
2003	12	8	7	99	331	4.6	6.9	0.87	10	4.58	80	1020	10.3	18.4	-0.9	99	99
2003	12	8	8	99	347	4.2	6	0.79	10	4.73	83	1020.1	10.3	18.8	-2.3	99	99
2003	12	8	9	99	339	3.6	5.7	0.79	11.11	5.06	62	1020.3	10.4	18.8	-1.3	99	99
2003	12	8	10	99	347	2.7	4.9	0.75	10	4.8	77	1020.3	10.3	18.8	-2.2	99	99
2003	12	8	11	99	328	4	6.3	0.74	10	5.01	79	1020.8	10.3	18.8	-0.2	99	99
2003	12	8	12	99	321	3.2	5	0.74	11.11	5.26	60	1021.4	10.3	18.8	0.5	99	99
2003	12	8	13	99	336	3.5	5.2	0.79	10	5.43	70	1022.1	10.5	18.8	1.3	99	99
2003	12	8	14	99	301	1.9	3.7	0.74	10	5.4	66	1022.7	10.6	18.8	-1.2	99	99
2003	12	8	15	99	335	2.3	4.1	0.75	10	5.44	64	1023.5	10.6	18.8	0	99	99
2003	12	8	16	99	332	2.4	4.1	99	99	99	999	1023.5	10.6	18.9	-0.2	99	99
2003	12	8	17	99	310	2.1	2.9	99	99	99	999	1022.6	10.7	19.1	-0.5	99	99
2003	12	8	18	99	318	2.3	4	99	99	99	999	1022	10.9	19.2	-0.5	99	99
2003	12	8	19	99	321	2.1	3.8	99	99	99	999	1021.8	11	19.6	0.3	99	99
2003	12	8	20	99	286	1.9	3	99	99	99	999	1021.2	11.2	19.8	-2	99	99
2003	12	8	21	99	310	2.5	3.6	99	99	99	999	1021.2	11.3	19.9	-0.4	99	99
2003	12	8	22	99	323	2.2	4.1	99	99	99	999	1021.9	11.2	19.9	0.1	99	99
2003	12	8	23	99	263	1.1	2.5	99	99	99	999	1021.9	11.3	19.9	-1	99	99
2003	12	9	0	99	291	1.8	2.8	0.76	11.11	6.4	73	1022	11.7	19.9	-0.4	99	99
2003	12	9	1	99	307	1	2.2	99	99	99	999	1022.4	12	19.9	1.3	99	99
2003	12	9	2	99	34	0.9	1.7	0.68	12.5	6.41	73	1022.5	12.1	19.9	-0.4	99	99
2003	12	9	3	99	21	1.6	2.6	99	99	99	999	1022.5	12.4	19.9	-1	99	99
2003	12	9	4	99	57	1.6	2.7	0.75	11.11	6.59	69	1022.5	12.6	20.3	-0.5	99	99
2003	12	9	5	99	213	0.6	1.8	0.7	11.11	6.8	88	1022.5	12.8	20.3	0.3	99	99
2003	12	9	6	99	230	1.3	2.5	99	99	99	999	1022.2	13.2	20.3	1.7	99	99
2003	12	9	7	99	126	0.4	1.4	0.75	10	7.19	77	1022.6	13	20.3	0.2	99	99
2003	12	9	8	99	214	0.2	0.9	0.65	11.11	6.84	71	1022.5	13.3	20.3	0.7	99	99
2003	12	9	9	99	354	2.2	3.2	0.7	12.5	7.14	83	1022.1	13.6	20.3	1.5	99	99
2003	12	9	10	99	24	3	4.6	99	99	99	999	1022.1	13.7	20.4	2.2	99	99
2003	12	9	11	99	22	3.6	4.9	99	99	99	999	1022.6	14	20.4	1.7	99	99
2003	12	9	12	99	41	4.1	5.8	0.72	12.5	7.75	78	1022.8	14.4	20.6	3.2	99	99
2003	12	9	13	99	57	4	5.5	0.88	11.11	7.87	83	1023.5	15	20.6	4.1	99	99
2003	12	9	14	99	66	3.8	5.4	99	99	99	999	1023.6	15.6	20.7	6.1	99	99
2003	12	9	15	99	78	3.9	5.3	99	99	99	999	1023.6	15.8	20.7	6.4	99	99
2003	12	9	16	99	78	2.8	4.6	99	99	99	999	1023.6	16.2	21.1	6.5	99	99
2003	12	9	17	99	70	2.4	3.5	99	99	99	999	1022.7	16.5	21.1	6.7	99	99
2003	12	9	18	99	74	2.3	3.8	99	99	99	999	1021.9	17.2	21.1	8.1	99	99
2003	12	9	19	99	70	1.3	2.2	99	99	99	999	1021.1	17.9	21.2	8.8	99	99
2003	12	9	20	99	2	0.6	1.3	99	99	99	999	1021	18.4	21.4	8.9	99	99
2003	12	9	21	99	69	0.5	1.8	99	99	99	999	1021	18.8	21.5	9	99	99
2003	12	9	22	99	250	0.3	1.7	0.93	11.11	8.18	82	1021	18.1	21.9	8.7	99	99
2003	12	9	23	99	198	1.1	2	99	99	99	999	1021	18.1	21.9	9.1	99	99
2003	12	10	0	99	195	2.9	3.8	0.97	10	8.77	112	1021	18.3	21.9	9.1	99	99
2003	12	10	1	99	193	2.3	3.4	99	99	99	999	1021	18.6	21.9	9.9	99	99
2003	12	10	2	99	194	1.3	2.3	99	99	99	999	1020.5	18.8	21.9	10.2	99	99
2003	12	10	3	99	157	2.1	3	99	99	99	999	1020.3	19.5	21.9	10	99	99
2003	12	10	4	99	169	2.9	4.1	99	99	99	999	1019.7	19.8	21.9	10	99	99
2003	12	10	5	99	140	3.1	4.2	99	99	99	999	1019.5	19.8	21.9	9.7	99	99
2003	12	10	6	99	117	3	4.6	99	99	99	999	1018.9	19.9	21.9	10.3	99	99
2003	12	10	7	99	100	4.3	5.2	99	99	99	999	1018.1	20.3	21.9	11.2	99	99
2003	12	10	8	99	180	8.1	10.1	99	99	99	999	1017.3	21.2	21.9	14.9	99	99
2003	12	10	9	99	161	10.5	13.3	1	12.5	3.96	106	1016.3	20.7	22	14.9	99	99
2003	12	10	10	99	167	12.9	16.2	1.64	4.55	4.46	172	1015.2	21.4	21.9	14.2	99	99
2003	12	10	11	99	166	13.2	15.6	99	99	99	999	1014.4	21.4	22	13	99	99
2003	12	10	12	99	172	13.8	16.6	99	99	99	999	1014.4	21.8	22.7	13.3	99	99
2003	12	10	13	99	159	12.4	14.8	2.34	6.25	5.22	162	1014.1	21.9	22.7	12.6	99	99
2003	12	10	14	99	161	12.6	15.2	99	99	99	999	1014.3	21.9	22.7	11.4	99	99
2003	12	10	15	99	999	12.9	99	99	99	99	999	9999	999	999	999	99	99
2003	12	10	16	99	146	12.8	15.9	99	99	99	999	1013.2	21.9	22.7	14	99	99
2003	12	10	17	99	999	99	99	99	99	99	999	9999	999	999	999	99	99
2003	12	10	18	99	152	14.3	17.2	99	99	99	999	1009.4	999	999	999	99	99
2003	12	10	19	99	999	99	99	99	99	99	999	9999	999	999	999	99	99
2003	12	10	20	99	153	15.7	19.4	99	99	99	999	1005.8	22.3	22.7	15.4	99	99
2003	12	10	21	99	151	16	20.2	99	99	99	999	1004.1	22.2	22.8	16.3	99	99
2003	12	10	22	99	163	14.5	19.8	99	99	99	999	1003.3	21	22.8	19.1	99	99
2003	12	10	23	99	175	14.2	17.6	99	99	99	999	1002.4	20.6	22.9	19.6	99	99
2003	12	11	0	99	166	15	19	4.16	9.09	6.88	176	1001	22.1	23	20.2	99	99
2003	12	11	1	99	173	15.1	18.6	4.6	10	7.13	193	1000	22.7	23	18.6	99	99
2003	12	11	2	99	169	15	19	4.43	10	6.99	192	998.3	23	23	17.7	99	99
2003	12	11	3	99	255	13.6	16.9	4.94	10	7.43	182	999.2	17	22.9	15.9	99	99
2003	12	11	4	99	241	12.6	16	99	99	99	999	1000.1	16	22.7	11.6	99	99
2003	12	11	5	99	255	11.7	14.3	99	99	99	999	1000.3	16.1	22.2	10.2	99	99
2003	12	11	6	99	259	13.2	15.4	99	99	99	999	1000.3	15.8	22.2	8.6	99	99
2003	12	11	7	99	254	11.3	14.5	99	99	99	999	1000.2	16	22.1	9.2	99	99
2003	12	11	8	99	259	12.6	16.7	2.99	9.09	6.1	168	1000.2	14.5	21.7	10.1	99	99
2003	12	11	9	99	264	14.7	18.4	99	99	99	999	1000.2	13.2	21.4	9	99	99
2003	12	11	10	99	260	14.1	18.2	99	99	99	999	1001.5	11.3	21.4	7.5	99	99
2003	12	11	11	99	270	14.8	17.7	3.55	9.09	6.29	178	1002.4	9.9	21.4	5.2	99	99
2003	12	11	12	99	277	13.7	17.2	3.75	10	6.35	187	1003.6	10.1	21.2	5.8	99	99
2003	12	11	13	99	999	99	99	99	99	99	999	9999	999	999	999	99	99
2003	12	11	14	99	276	12.6	16.1	99	99	99	999	1006.2	10.3	20.6	5.7	99	99
2003	12	11	15	99	274	13.4	17.1	99	99	99	999	1006.9	9.9	20.4	5.1	99	99
2003	12	11	16	99	274	12.4	15.7	99	99	99	999	1007.1	10.2	20.3	4.4	99	99
2003	12	11	17	99	281	11.5	13.9	2.97	10	6.25	195	1007.2	10.7	20.3	4	99	99
2003	12	11	18	99	274	10.8	13.7	2.85	9.09	6.31	193	1006.8	10.9	19.8	3.5	99	99
2003	12	11	19	99	271	11.6	14	99	99	99	999	1007.3	11.4	19.6	4.8	99	99
2003	12	11	20	99	273	11.1	14.2	2.68	9.09	5.94	190	1008.2	12.1	19.6	5.2	99	99
2003	12	11	21	99	278	10.5	99	99	99	99	999	1008.9	12.6	19.6	3.5	99	99
2003	12	11	22	99	282	11.5	13.2	99	99	99	999	1010.1	13.4	19.5	4.6	99	99
2003	12	11	23	99	289	10.6	13	99	99	99	999	1011.5	13.5	19.5	5.7	99	99
2003	12	12	0	99	291	11.1	13.8	2.11	8.33	5.5	192	1012.4	13.5	19.5	4.6	99	99
2003	12	12	1	99	290	10.7	12.8	2.02	8.33	5.45	191	1012.8	13.5	19.5	4.8	99	99
2003	12	12	2	99	292	9.2	11.4	1.93	7.14	5.3	205	1013.6	13.3	19.5	3.5	99	99
2003	12	12	3	99	295	9.7	11.7	1.74	7.14	5.41	207	1014.1	13.3	19.5	4	99	99
2003	12	12	4	99	300	9.6	11.4	1.7	8.33	5.04	178	1014.4	13.1	19.5	4.1	99	99
2003	12	12	5	99	297	9.2	11.5	99	99	99	999	1014.4	12.9	19.2	4.8	99	99
2003	12	12	6	99	303	8.8	10.7	99	99	99	999	1014.6	12.8	19.1	3.8	99	99
2003	12	12	7	99	306	8.5	10.2	99	99	99	999	1015.6	12.2	19	4.7	99	99
2003	12	12	8	99	324	7.6	9.3	1.43	4.55	4.83	271	1016.1	11.7	18.8	4.1	99	99
2003	12	12	9	99	332	6.1	7.8	1.43	6.67	4.95	190	1016.5	11.4	18.8	4.1	99	99
2003	12	12	10	99	340	6.4	7.8	1.35	6.25	5	200	1016.8	11	18.8	3.8	99	99
2003	12	12	11	99	346	6.2	8.4	1.17	5.88	5.04	210	1017.8	10.8	18.8	3.4	99	99
2003	12	12	12	99	348	5.9	8.4	1.11	9.09	4.79	110	1018.7	10.3	18.8	2.8	99	99
2003	12	12	13	99	357	6.4	9	1.16	9.09	4.91	123	1019.5	10.2	18.8	2.2	99	99
2003	12	12	14	99	11	5.6	7.6	99	99	99	999	1020.4	10	18.8	1.8	99	99
2003	12	12	15	99	23	4.9	7.2	99	99	99	999	1020.5	10.2	19	3.2	99	99
2003	12	12	16	99	15	3.7	5	99	99	99	999	1020.9	10.2	19.1	2	99	99
2003	12	12	17	99	357	2.7	4.3	1.11	9.09	4.99	112	1020.4	9.9	18.8	2.3	99	99
2003	12	12	18	99	343	2.5	4.9	99	99	99	999	1020	10.1	18.5	2.3	99	99
2003	12	12	19	99	10	3.6	5.7	0.96	8.33	5.21	124	1019	10.5	18.4	3.6	99	99
2003	12	12	20	99	340	2.9	4.3	99	99	99	999	1019.4	10.6	18.3	2.1	99	99
2003	12	12	21	99	325	2.2	3.4	99	99	99	999	1020.3	10.6	18.3	2	99	99
2003	12	12	22	99	348	3.5	5.1	99	99	99	999	1020.5	11	18.3	3.2	99	99
2003	12	12	23	99	346	3.1	4.4	99	99	99	999	1021.4	11.1	18.4	0.6	99	99
2003	12	13	0	99	8	2.6	3.8	0.79	7.69	5.72	129	1021.9	11.3	18.4	1.8	99	99
2003	12	13	1	99	22	2.9	4.3	99	99	99	999	1021.9	11.6	18.3	1.2	99	99
2003	12	13	2	99	4	3.8	5.2	99	99	99	999	1021.9	11.8	18.3	1.7	99	99
2003	12	13	3	99	20	4.1	6.1	0.73	7.14	5.94	146	1022.1	12.1	18.3	2.3	99	99
2003	12	13	4	99	17	4.5	6.7	0.74	7.69	6.15	125	1022.1	12.5	18.3	3.9	99	99
2003	12	13	5	99	13	5.3	6.9	0.71	7.69	5.67	113	1022.3	12.5	18.5	3.8	99	99
2003	12	13	6	99	35	5.7	7.7	0.71	7.14	5.32	124	1021.9	12.8	18.7	4.5	99	99
2003	12	13	7	99	35	6.9	9	0.74	9.09	4.85	100	1021.9	12.9	18.8	3.8	99	99
2003	12	13	8	99	37	7.5	8.9	0.79	7.69	4.34	119	1021.9	13.2	19.1	5.3	99	99
2003	12	13	9	99	48	8.1	11	0.86	8.33	4.1	105	1021.8	13.6	19.5	6.6	99	99
2003	12	13	10	99	52	7.5	10.1	0.88	3.7	4.11	32	1021.7	13.6	19.6	6.2	99	99
2003	12	13	11	99	49	6.8	8.7	0.94	4	4.41	25	1022.5	14	19.6	7.3	99	99
2003	12	13	12	99	43	7.1	9.2	0.96	4.35	4.56	30	1023.1	14.4	19.6	8.5	99	99
2003	12	13	13	99	38	9.3	12.4	0.99	4.55	4.4	40	1022.7	14.8	19.6	9.6	99	99
2003	12	13	14	99	43	9.6	11.9	1.18	4.55	4.47	34	1023.3	15.3	19.4	10.1	99	99
2003	12	13	15	99	39	10.2	12.4	1.47	5.26	4.65	30	1023.5	15.6	19.1	11.3	99	99
2003	12	13	16	99	34	9.9	11.8	1.61	5.26	4.79	30	1023.5	15.9	19.1	12.2	99	99
2003	12	13	17	99	40	11.2	13.5	1.75	5.88	4.97	33	1022.4	16	19.1	11.9	99	99
2003	12	13	18	99	37	13.3	15.7	2.13	6.25	5.07	30	1020.4	15.7	19.1	12.3	99	99
2003	12	13	19	99	41	13.8	17.2	2.15	6.67	5.14	37	1019.6	14.8	19.5	11.9	99	99
2003	12	13	20	99	38	13.3	15.5	2.42	6.67	5.4	38	1020.3	14.8	19.6	12.2	99	99
2003	12	13	21	99	42	13.3	16.2	2.26	6.67	5.23	44	1020.4	15.4	19.8	12.3	99	99
2003	12	13	22	99	50	14.2	17.9	2.6	7.14	5.63	54	1019.5	15.2	19.8	12.5	99	99
2003	12	13	23	99	50	14.1	18.2	2.54	7.69	5.47	49	1019.9	15.2	19.9	12.6	99	99
2003	12	14	0	99	53	14	16.6	2.63	8.33	5.7	51	1019.3	15.5	19.9	12.5	99	99
2003	12	14	1	99	54	13.4	16	2.81	7.69	5.67	55	1018.9	16	20.3	13.3	99	99
2003	12	14	2	99	64	12.5	15.5	2.76	7.69	5.76	50	1017.7	17.2	20.3	14.2	99	99
2003	12	14	3	99	91	10.2	12.7	2.56	7.69	5.65	52	1017.1	19.2	20.4	15.5	99	99
2003	12	14	4	99	110	10.4	14	2.28	7.69	5.29	60	1016.1	19.3	20.4	15.5	99	99
2003	12	14	5	99	128	14.1	17.1	2.53	5.88	5.26	130	1014.1	21.3	20.6	14.4	99	99
2003	12	14	6	99	151	14.4	18.9	2.61	6.25	5.42	138	1012.8	20.5	20.6	999	99	99
2003	12	14	7	99	137	13	17.1	2.97	7.14	5.8	141	1012.3	21.1	20.7	15.9	99	99
2003	12	14	8	99	156	14.9	18	99	99	99	999	1011.3	21.9	21	14.8	99	99
2003	12	14	9	99	155	13.2	17.3	3.08	8.33	6.01	133	1010.2	21.4	21.1	15.4	99	99
2003	12	14	10	99	155	13.9	17.3	99	99	99	999	1008.9	22.2	21.1	14.4	99	99
2003	12	14	11	99	158	14.5	19	99	99	99	999	1008.3	20.4	21.1	999	99	99
2003	12	14	12	99	167	12.2	18.5	99	99	99	999	1008.9	20.5	21.1	999	99	99
2003	12	14	13	99	228	5	6.8	0.43	8.33	6.45	134	1011.1	17.5	20.7	16.8	99	99
2003	12	14	14	99	335	1.7	3.3	99	99	99	999	1010.3	17.5	20.7	17	99	99
2003	12	14	15	99	348	3.4	5	99	99	99	999	1010.3	17.2	20.6	16.2	99	99
2003	12	14	16	99	356	3	4.6	99	99	99	999	1010.4	16.8	20.6	15.7	99	99
2003	12	14	17	99	28	2	3.9	99	99	99	999	1009	17.3	21.2	16	99	99
2003	12	14	18	99	267	1.7	4.8	99	99	99	999	1008.1	17.5	21.4	15.5	99	99
2003	12	14	19	99	164	1.8	3.5	99	99	99	999	1006.9	16.6	21.2	15	99	99
2003	12	14	20	99	203	3.9	5.3	99	99	99	999	1006.4	17.5	21.1	15.3	99	99
2003	12	14	21	99	999	99	99	99	99	99	999	9999	999	999	999	99	99
2003	12	14	22	99	315	7.1	9.2	99	99	99	999	1006.3	13.9	20.7	12.7	99	99
2003	12	14	23	99	299	8.4	10.7	99	99	99	999	1007.5	12.9	20.6	12	99	99
2003	12	15	0	99	296	9.9	12.2	99	99	99	999	1007.1	14.1	20.6	13	99	99
2003	12	15	1	99	295	9.5	99	99	99	99	999	9999	13.6	999	12.3	99	99
2003	12	15	2	99	294	12.6	99	99	99	99	999	1007.8	11.4	999	9.4	99	99
2003	12	15	3	99	289	12.9	99	99	99	99	999	9999	10.1	999	999	99	99
2003	12	15	4	99	298	12.7	16.5	99	99	99	999	1009.4	8.7	20.3	7.4	99	99
2003	12	15	5	99	304	11.5	15.2	99	99	99	999	1010.2	9.1	20.3	6.6	99	99
2003	12	15	6	99	999	99	99	99	99	99	999	9999	999	999	999	99	99
2003	12	15	7	99	999	99	99	99	99	99	999	9999	999	999	999	99	99
2003	12	15	8	99	281	10.7	99	99	99	99	999	9999	999	999	999	99	99
2003	12	15	9	99	999	99	99	99	99	99	999	9999	999	999	999	99	99
2003	12	15	10	99	999	99	99	99	99	99	999	9999	999	999	999	99	99
2003	12	15	11	99	999	99	99	99	99	99	999	9999	999	999	999	99	99
2003	12	15	12	99	313	10.8	99	99	99	99	999	1017.3	9.5	999	5.4	99	99
2003	12	15	13	99	316	10.3	99	99	99	99	999	9999	9.9	999	3.2	99	99
2003	12	15	14	99	999	99	99	99	99	99	999	9999	999	999	999	99	99
2003	12	15	15	99	999	99	99	99	99	99	999	9999	999	999	999	99	99
2003	12	15	16	99	999	99	99	99	99	99	999	9999	999	999	999	99	99
2003	12	15	17	99	333	8	9.7	99	99	99	999	1020.3	10.9	20.3	2.2	99	99
2003	12	15	18	99	315	6.4	8.7	99	99	99	999	1020.9	11.2	20.4	3.7	99	99
2003	12	15	19	99	999	99	99	99	99	99	999	9999	999	999	999	99	99
2003	12	15	20	99	310	5	7	99	99	99	999	1021	11.9	20.4	1.5	99	99
2003	12	15	21	99	301	4.7	5.6	99	99	99	999	1021.7	12.5	20.4	2.2	99	99
2003	12	15	22	99	312	3.7	5.7	99	99	99	999	1022.4	12.7	20.3	1.8	99	99
2003	12	15	23	99	999	99	99	99	99	99	999	9999	999	999	999	99	99
2003	12	16	0	99	333	3.3	4.8	99	99	99	999	1022.6	13.1	19.9	1.4	99	99
2003	12	16	1	99	999	99	99	99	99	99	999	9999	999	999	999	99	99
2003	12	16	2	99	45	1.5	2.6	99	99	99	999	1022.7	13.6	19.9	1.5	99	99
2003	12	16	3	99	45	2.2	3.6	99	99	99	999	1022.7	13.7	19.9	2.3	99	99
2003	12	16	4	99	25	2.3	3.2	99	99	99	999	1023.4	14.1	19.9	2.3	99	99
2003	12	16	5	99	66	1.9	3.3	99	99	99	999	1023.6	14.2	19.9	2.7	99	99
2003	12	16	6	99	999	99	99	99	99	99	999	9999	999	999	999	99	99
2003	12	16	7	99	999	99	99	99	99	99	999	9999	999	999	999	99	99
2003	12	16	8	99	999	99	99	99	99	99	999	9999	999	999	999	99	99
2003	12	16	9	99	124	2.3	3.3	99	99	99	999	1023	15.6	19.6	5.9	99	99
2003	12	16	10	99	84	2.4	3.4	99	99	99	999	1022.6	15.9	19.5	6.8	99	99
2003	12	16	11	99	60	2.5	99	99	99	99	999	1023.4	16.5	19.5	8	99	99
2003	12	16	12	99	161	2	3.2	99	99	99	999	1023.6	17.5	19.1	6.3	99	99
2003	12	16	13	99	170	3.9	99	99	99	99	999	1023.9	18.3	999	8.2	99	99
2003	12	16	14	99	178	3.4	4.5	99	99	99	999	1024.2	18.8	19.1	8.3	99	99
2003	12	16	15	99	176	4.3	5.1	99	99	99	999	1024.3	19.1	19.5	8.5	99	99
2003	12	16	16	99	999	99	99	99	99	99	999	9999	999	999	999	99	99
2003	12	16	17	99	180	4.8	99	99	99	99	999	1023.4	19.6	999	10.4	99	99
2003	12	16	18	99	196	4.8	99	99	99	99	999	1022.6	19.8	999	10.6	99	99
2003	12	16	19	99	191	4.8	5.9	99	99	99	999	1021.9	19.9	20.3	11	99	99
2003	12	16	20	99	193	5.5	99	99	99	99	999	9999	20.3	999	11.1	99	99
2003	12	16	21	99	183	5.9	6.9	99	99	99	999	1021.2	20.4	19.9	10.7	99	99
2003	12	16	22	99	175	6.4	7.6	99	99	99	999	1021.2	20.4	19.8	11.4	99	99
2003	12	16	23	99	166	6.7	8.2	99	99	99	999	1020.5	20.4	19.8	11.7	99	99
2003	12	17	0	99	153	7.1	8.5	99	99	99	999	1019.7	20.4	19.8	12.2	99	99
2003	12	17	1	99	157	8.5	10.2	99	99	99	999	1018.9	20.6	19.8	12	99	99
2003	12	17	2	99	163	9.7	11.9	99	99	99	999	1017.7	20.8	19.8	13	99	99
2003	12	17	3	99	159	10.5	13	99	99	99	999	1017	21.1	19.8	14.2	99	99
2003	12	17	4	99	166	10.6	99	99	99	99	999	1016.1	21.4	999	14.3	99	99
2003	12	17	5	99	999	99	99	99	99	99	999	9999	999	999	999	99	99
2003	12	17	6	99	169	11.1	13.4	99	99	99	999	1013.5	21.5	19.9	14.1	99	99
2003	12	17	7	99	176	12.2	14.8	99	99	99	999	1012.4	21.9	19.9	13.7	99	99
2003	12	17	8	99	173	11.4	14.3	99	99	99	999	1011.4	21.9	20	15.1	99	99
2003	12	17	9	99	178	10.8	13.1	99	99	99	999	1010.5	21.9	20	14.7	99	99
2003	12	17	10	99	175	11.2	13.7	99	99	99	999	1009.2	21.9	19.9	15.4	99	99
2003	12	17	11	99	178	12.2	15.1	99	99	99	999	1008.5	21.7	19.8	15.9	99	99
2003	12	17	12	99	999	99	99	99	99	99	999	9999	999	999	999	99	99
2003	12	17	13	99	176	11	13.1	99	99	99	999	1006.4	18.8	19.6	16.9	99	99
2003	12	17	14	99	201	7.9	9.8	99	99	99	999	1006.3	19.9	19.5	18.4	99	99
2003	12	17	15	99	192	12.3	15.5	99	99	99	999	1005.2	19.5	19.1	18.8	99	99
2003	12	17	16	99	248	14.9	19.2	99	99	99	999	1004.6	18.8	19.1	17	99	99
2003	12	17	17	99	240	11.9	14.2	99	99	99	999	1003.9	18.3	19.5	15.3	99	99
2003	12	17	18	99	259	11	13.8	99	99	99	999	1003.2	16.8	19.5	13.7	99	99
2003	12	17	19	99	263	12.9	15.4	99	99	99	999	1002.7	16.5	19.5	12.6	99	99
2003	12	17	20	99	259	13.5	15.6	99	99	99	999	1003.6	15.1	19.5	11.3	99	99
2003	12	17	21	99	263	12.9	15.7	99	99	99	999	1004.6	13.4	19.1	9.8	99	99
2003	12	17	22	99	270	14.1	16.7	99	99	99	999	1005.7	12.1	18.8	8.2	99	99
2003	12	17	23	99	280	14.4	18.2	99	99	99	999	1007.6	11.6	18.4	6.9	99	99
2003	12	18	0	99	291	14.9	19.3	99	99	99	999	1009.4	11.6	18.3	5	99	99
2003	12	18	1	99	295	14.5	18.4	99	99	99	999	1010.8	11.6	18.3	3.6	99	99
2003	12	18	2	99	294	13.3	15.6	99	99	99	999	1011.6	11.7	18.3	0.6	99	99
2003	12	18	3	99	299	12.7	16.6	99	99	99	999	1013	11.3	18	-0.1	99	99
2003	12	18	4	99	297	11.5	13.6	99	99	99	999	1013.7	10.8	18	-0.8	99	99
2003	12	18	5	99	290	10.5	13	99	99	99	999	1013.3	10.3	18	-0.5	99	99
2003	12	18	6	99	287	10.7	13.3	99	99	99	999	1013.5	10.2	18	-1.2	99	99
2003	12	18	7	99	287	10.2	13.1	99	99	99	999	1014	9.8	18	-0.6	99	99
2003	12	18	8	99	292	9	10.9	99	99	99	999	1014.5	9.8	18	1.5	99	99
2003	12	18	9	99	294	7.4	9.5	99	99	99	999	1014.3	9.5	18	-1.4	99	99
2003	12	18	10	99	284	6.9	99	99	99	99	999	9999	9.7	999	0	99	99
2003	12	18	11	99	286	6.5	10.5	99	99	99	999	1014.1	9.4	18	0.3	99	99
2003	12	18	12	99	278	7.4	99	99	99	99	999	9999	9.1	999	1.1	99	99
2003	12	18	13	99	999	99	99	99	99	99	999	9999	999	999	999	99	99
2003	12	18	14	99	275	7.3	9.3	99	99	99	999	1015.7	9.1	18	-0.5	99	99
2003	12	18	15	99	999	99	99	99	99	99	999	9999	999	999	999	99	99
2003	12	18	16	99	261	6.4	9	99	99	99	999	1015	8.6	18	-0.5	99	99
2003	12	18	17	99	254	8.6	11.3	99	99	99	999	1013.9	9.2	18	0.4	99	99
2003	12	18	18	99	999	99	99	99	99	99	999	9999	999	999	999	99	99
2003	12	18	19	99	999	99	99	99	99	99	999	9999	999	999	999	99	99
2003	12	18	20	99	999	99	99	99	99	99	999	9999	999	999	999	99	99
2003	12	18	21	99	999	99	99	99	99	99	999	9999	999	999	999	99	99
2003	12	18	22	99	240	11.4	99	99	99	99	999	9999	13.5	999	2.5	99	99
2003	12	18	23	99	999	99	99	99	99	99	999	9999	999	999	999	99	99
2003	12	19	0	99	999	99	99	99	99	99	999	9999	999	999	999	99	99
2003	12	19	1	99	246	14.3	18	99	99	99	999	1010.8	15	18.3	2.8	99	99
2003	12	19	2	99	999	99	99	99	99	99	999	9999	999	999	999	99	99
2003	12	19	3	99	267	13.7	16.3	99	99	99	999	1011.5	13.8	18.1	0.8	99	99
2003	12	19	4	99	270	14.9	17.8	99	99	99	999	1011.4	13.4	18.1	3	99	99
2003	12	19	5	99	278	13.5	16.4	99	99	99	999	1010.7	13.2	18.1	2.9	99	99
2003	12	19	6	99	268	11.9	14.4	99	99	99	999	1010.8	12.9	18.3	2.9	99	99
2003	12	19	7	99	268	12.1	14.8	99	99	99	999	1010.7	12.9	18.7	3.5	99	99
2003	12	19	8	99	260	12.6	15.2	99	99	99	999	1010.3	12.6	18.8	4.5	99	99
2003	12	19	9	99	268	12.7	15.5	99	99	99	999	1009.6	12	18.8	3	99	99
2003	12	19	10	99	271	13.2	16.6	99	99	99	999	1009.6	11.7	18.8	3.6	99	99
2003	12	19	11	99	264	13.7	16.5	99	99	99	999	1009.6	11.4	18.5	4.4	99	99
2003	12	19	12	99	269	12.3	15.3	99	99	99	999	1010.1	10.6	18	1.8	99	99
2003	12	19	13	99	270	13.2	16.6	99	99	99	999	1011.1	9.6	17.6	3.5	99	99
2003	12	19	14	99	275	13.8	16.8	99	99	99	999	1011.8	8.9	17.5	1.8	99	99
2003	12	19	15	99	276	13.2	16.2	99	99	99	999	1012.3	8.5	17.5	1.7	99	99
2003	12	19	16	99	286	12.7	15.4	99	99	99	999	1012.3	8.2	17.5	2.2	99	99
2003	12	19	17	99	285	12.3	15.2	99	99	99	999	1011.7	8.1	17.5	0.9	99	99
2003	12	19	18	99	277	11.2	14.7	99	99	99	999	1011.2	8.2	17.6	0	99	99
2003	12	19	19	99	287	10.4	14.4	99	99	99	999	1011.3	8.6	18	-2	99	99
2003	12	19	20	99	277	10.5	13.7	99	99	99	999	1011.5	9.1	18.3	-0.2	99	99
2003	12	19	21	99	281	9.8	13.1	99	99	99	999	1011.7	9.2	18.7	-2	99	99
2003	12	19	22	99	276	10.1	12.4	99	99	99	999	1012.4	9.7	18.8	-1.3	99	99
2003	12	19	23	99	284	10.5	12.9	99	99	99	999	1013	9.9	18.8	-2.1	99	99
2003	12	20	0	99	288	11.8	15.1	99	99	99	999	1013.7	9.9	18.7	-0.8	99	99
2003	12	20	1	99	285	10.9	14.3	99	99	99	999	1014.6	9.9	18.8	-1.2	99	99
2003	12	20	2	99	273	8.9	10.9	99	99	99	999	1014.7	9.9	18.8	-1.1	99	99
2003	12	20	3	99	263	10.2	13.4	99	99	99	999	1014.5	10.1	18.7	-1.7	99	99
2003	12	20	4	99	266	9.2	13.2	99	99	99	999	1013.9	10.5	18.8	0.2	99	99
2003	12	20	5	99	333	7.5	10.2	99	99	99	999	1013.9	9.1	19.1	-1.1	99	99
2003	12	20	6	99	318	7.3	9.3	99	99	99	999	1013.3	8	19.1	999	99	99
2003	12	20	7	99	301	9.7	12.8	99	99	99	999	1012.6	8.9	19.5	-0.7	99	99
2003	12	20	8	99	294	12	15	99	99	99	999	1012.4	8.8	19.1	0.6	99	99
2003	12	20	9	99	316	11.7	14.6	99	99	99	999	1013.4	6.2	19.5	1.5	99	99
2003	12	20	10	99	315	13.9	16.7	99	99	99	999	1013.5	5.8	19.6	-0.2	99	99
2003	12	20	11	99	308	12.6	15.4	99	99	99	999	1014.8	5.5	19.6	-1.7	99	99
2003	12	20	12	99	315	12.8	15.8	99	99	99	999	1016	5.4	19.6	-2.8	99	99
2003	12	20	13	99	308	12.2	14.7	99	99	99	999	1017.6	4.9	19.1	-3.2	99	99
2003	12	20	14	99	323	12.7	15.8	99	99	99	999	1018.9	4.7	18.3	-3.4	99	99
2003	12	20	15	99	318	11.3	13.6	99	99	99	999	1019.8	4.5	18	-3.7	99	99
2003	12	20	16	99	316	9.7	99	99	99	99	999	1019.8	4.5	17.5	-2.8	99	99
2003	12	20	17	99	999	99	99	99	99	99	999	9999	999	999	999	99	99
2003	12	20	18	99	310	8.2	10.3	99	99	99	999	1019.6	4.9	17.5	-5	99	99
2003	12	20	19	99	309	8.7	11.6	99	99	99	999	1019.6	5.2	18	-4.7	99	99
2003	12	20	20	99	315	8.3	11.4	99	99	99	999	1020.3	5.7	18.2	-8.1	99	99
2003	12	20	21	99	999	99	99	99	99	99	999	9999	999	999	999	99	99
2003	12	20	22	99	308	9.5	12.3	99	99	99	999	1021.9	6.3	18.6	-10.2	99	99
2003	12	20	23	99	308	8.9	12.7	99	99	99	999	1022.7	6.5	17.9	-11.3	99	99
2003	12	21	0	99	315	10	12.6	99	99	99	999	1023.9	6.6	16.8	-10.4	99	99
2003	12	21	1	99	312	9.8	13.6	99	99	99	999	1024.8	6.4	16.5	-11.9	99	99
2003	12	21	2	99	323	9.5	13.2	99	99	99	999	1025.8	6.1	16	-8.9	99	99
2003	12	21	3	99	323	9.7	13.7	99	99	99	999	1026.7	5.9	15.9	-8.6	99	99
2003	12	21	4	99	324	9.9	12.4	99	99	99	999	1027.2	5.4	15.7	-10.6	99	99
2003	12	21	5	99	332	9.2	12	99	99	99	999	1027.5	5	15.7	-9.9	99	99
2003	12	21	6	99	341	8.2	11.8	99	99	99	999	1027.9	4.9	999	-6.5	99	99
2003	12	21	7	99	346	8.9	11.6	99	99	99	999	1028.1	4.7	16	-7.1	99	99
2003	12	21	8	99	348	7.8	10.3	99	99	99	999	1028.8	4.5	16.4	-7.9	99	99
2003	12	21	9	99	999	99	99	99	99	99	999	9999	999	999	999	99	99
2003	12	21	10	99	347	7.9	10.1	99	99	99	999	1028.8	4.8	16.8	-9.5	99	99
2003	12	21	11	99	999	99	99	99	99	99	999	9999	999	999	999	99	99
2003	12	21	12	99	999	99	99	99	99	99	999	9999	999	999	999	99	99
2003	12	21	13	99	355	5.7	8.7	99	99	99	999	1031.8	5	18.3	-11.3	99	99
2003	12	21	14	99	338	5.6	7	99	99	99	999	1033	5.1	18.1	-10.3	99	99
2003	12	21	15	99	350	4.8	99	99	99	99	999	1033.5	5.3	999	-9.8	99	99
2003	12	21	16	99	343	4.8	99	99	99	99	999	9999	5.5	999	999	99	99
2003	12	21	17	99	333	3.4	4.5	99	99	99	999	1032.8	5.5	13.6	-10.7	99	99
2003	12	21	18	99	999	99	99	99	99	99	999	9999	999	999	999	99	99
2003	12	21	19	99	999	99	4.5	99	99	99	999	1031.5	5.8	12.9	-10.7	99	99
2003	12	21	20	99	999	99	99	99	99	99	999	9999	999	999	999	99	99
2003	12	21	21	99	326	2.5	99	99	99	99	999	9999	6.6	999	-12.4	99	99
2003	12	21	22	99	312	1.5	2.7	99	99	99	999	1031.3	7	17.3	-10.8	99	99
2003	12	21	23	99	322	0.5	1.6	99	99	99	999	1031.3	7.1	17.7	-11.6	99	99
2003	12	22	0	99	235	1.7	3.1	99	99	99	999	1031.3	7.9	18	-10.7	99	99
2003	12	22	1	99	214	2.8	4.2	99	99	99	999	1031.3	9	18.3	-10	99	99
2003	12	22	2	99	215	3.3	5.4	99	99	99	999	1031	9.8	18.3	-6.2	99	99
2003	12	22	3	99	211	3.4	4.8	99	99	99	999	1030.6	10.6	18.3	-5.7	99	99
2003	12	22	4	99	216	3.8	6.1	99	99	99	999	1030.4	11.1	18.3	-4.4	99	99
2003	12	22	5	99	194	4.3	6.4	99	99	99	999	1030.1	11.8	18	-3	99	99
2003	12	22	6	99	211	5.1	6.8	99	99	99	999	1029.8	12.3	18	-3	99	99
2003	12	22	7	99	222	5.4	7.2	99	99	99	999	1029.8	12.8	18	-1.6	99	99
2003	12	22	8	99	220	5.8	99	99	99	99	999	1029.7	13.4	999	-1.2	99	99
2003	12	22	9	99	225	5.3	99	99	99	99	999	9999	13.9	18.7	-0.5	99	99
2003	12	22	10	99	255	5.3	99	99	99	99	999	1028.9	14.1	19.1	0.6	99	99
2003	12	22	11	99	308	6.6	8.1	99	99	99	999	1029.2	11.1	19.2	1.1	99	99
2003	12	22	12	99	292	5.8	7.6	99	99	99	999	1029.7	11.9	19.5	0.3	99	99
2003	12	22	13	99	999	99	99	99	99	99	999	9999	999	999	999	99	99
2003	12	22	14	99	309	6.5	8.1	99	99	99	999	1030.2	12.1	19.8	0.6	99	99
2003	12	22	15	99	301	5.5	6.6	99	99	99	999	1030.3	12.9	19.8	0.5	99	99
2003	12	22	16	99	310	4.2	5.3	99	99	99	999	1030	12.6	19.8	0	99	99
2003	12	22	17	99	999	99	99	99	99	99	999	9999	999	999	999	99	99
2003	12	22	18	99	275	2.9	4.7	99	99	99	999	1028.1	13.2	19.8	-1.7	99	99
2003	12	22	19	99	262	3.5	5.1	99	99	99	999	1027.2	13.6	19.9	-0.3	99	99
2003	12	22	20	99	250	3.6	99	99	99	99	999	9999	14.2	999	-0.1	99	99
2003	12	22	21	99	252	3.2	4.6	99	99	99	999	1026.6	15	19.9	0	99	99
2003	12	22	22	99	243	3.3	4.6	99	99	99	999	1026.6	15.3	20.3	-1.1	99	99
2003	12	22	23	99	231	3.1	4.8	99	99	99	999	1026.5	15.6	20.4	1.2	99	99
2003	12	23	0	99	204	3.6	5.2	99	99	99	999	1026.1	16	20.6	1.3	99	99
2003	12	23	1	99	186	3.3	4.7	99	99	99	999	1025.8	16.2	20.4	3.1	99	99
2003	12	23	2	99	187	3.9	5.1	99	99	99	999	1025.8	16.6	20.4	3.9	99	99
2003	12	23	3	99	190	4	5.4	99	99	99	999	1025.7	17	20.4	4.5	99	99
2003	12	23	4	99	187	3.9	5.1	99	99	99	999	1025.6	17.3	20.3	5.3	99	99
2003	12	23	5	99	176	4.8	6.5	99	99	99	999	1025	18	19.9	5.5	99	99
2003	12	23	6	99	173	4.5	5.8	99	99	99	999	1024.3	18.3	19.6	5.1	99	99
2003	12	23	7	99	167	4.9	6.4	99	99	99	999	1024.1	18.5	19.6	4.9	99	99
2003	12	23	8	99	177	5.2	6.9	99	99	99	999	1023.6	18.8	19.8	5.3	99	99
2003	12	23	9	99	356	2.1	2.9	99	99	99	999	1023.4	17	19.9	6.7	99	99
2003	12	23	10	99	349	3.3	4.2	99	99	99	999	1022.7	17.2	20.3	7.2	99	99
2003	12	23	11	99	166	3.4	4.2	99	99	99	999	1022.5	18.7	20.4	6	99	99
2003	12	23	12	99	156	4.5	5.6	99	99	99	999	1022.6	19.3	20.4	5.8	99	99
2003	12	23	13	99	131	4.4	99	99	99	99	999	9999	19.6	999	7	99	99
2003	12	23	14	99	132	6.4	8.4	99	99	99	999	1022.5	19.7	19.9	7.8	99	99
2003	12	23	15	99	149	6.8	8.6	99	99	99	999	1022.5	19.9	19.2	7.5	99	99
2003	12	23	16	99	138	6.8	99	99	99	99	999	1021.8	19.9	999	6.6	99	99
2003	12	23	17	99	156	7.8	9.2	99	99	99	999	9999	19.8	999	8.3	99	99
2003	12	23	18	99	145	7.3	8.5	99	99	99	999	1019.4	19.8	17.5	7.7	99	99
2003	12	23	19	99	148	8.6	10.7	99	99	99	999	1018.8	18.9	17.5	8.5	99	99
2003	12	23	20	99	166	5.5	8.9	99	99	99	999	1018.6	19.1	17.5	9.7	99	99
2003	12	23	21	99	167	10.1	13	99	99	99	999	1017.9	18	18	10.7	99	99
2003	12	23	22	99	147	9	10.8	99	99	99	999	1017.3	19.2	18.8	10.8	99	99
2003	12	23	23	99	161	10.7	13.1	99	99	99	999	1016.7	19.5	19.1	11.8	99	99
2003	12	24	0	99	150	9.4	11.1	99	99	99	999	1016.2	19.8	19.5	999	99	99
2003	12	24	1	99	178	11.9	16	99	99	99	999	1015.4	19.6	19.6	999	99	99
2003	12	24	2	99	177	12.8	16.2	99	99	99	999	1015	19.3	19.2	999	99	99
2003	12	24	3	99	160	11.6	14.3	99	99	99	999	1014.5	20.3	18.8	16.4	99	99
2003	12	24	4	99	159	8.9	15.7	99	99	99	999	1014.1	20.1	18.7	16.4	99	99
2003	12	24	5	99	176	10.1	13.9	99	99	99	999	1013.2	18.9	18.3	16.6	99	99
2003	12	24	6	99	251	6.6	99	99	99	99	999	9999	17.6	999	15.8	99	99
2003	12	24	7	99	242	5.8	7.1	99	99	99	999	1012.6	18	18.3	16.9	99	99
2003	12	24	8	99	239	4.4	6.1	99	99	99	999	1012.2	18.1	18.4	16.8	99	99
2003	12	24	9	99	204	9.4	11.5	99	99	99	999	1011.1	19.2	18.8	16.8	99	99
2003	12	24	10	99	220	10.6	13.3	99	99	99	999	1011	17	999	15.8	99	99
2003	12	24	11	99	999	99	99	99	99	99	999	9999	999	999	999	99	99
2003	12	24	12	99	999	99	99	99	99	99	999	9999	999	999	999	99	99
2003	12	24	13	99	224	7.4	9.4	99	99	99	999	1011.3	19.6	19.6	13.7	99	99
2003	12	24	14	99	212	7.2	99	99	99	99	999	9999	19.1	999	13.2	99	99
2003	12	24	15	99	999	99	99	99	99	99	999	9999	999	999	999	99	99
2003	12	24	16	99	242	7.7	10.1	99	99	99	999	1011.8	19.1	18.8	14.8	99	99
2003	12	24	17	99	247	8.7	10.5	99	99	99	999	1011.1	18.3	18.3	13	99	99
2003	12	24	18	99	236	8.5	10.5	99	99	99	999	1010.5	18.1	18.1	12.4	99	99
2003	12	24	19	99	231	7	8.7	99	99	99	999	1010.3	18.2	18	13.4	99	99
2003	12	24	20	99	218	7.5	9.1	99	99	99	999	1010.4	18.4	18	13.4	99	99
2003	12	24	21	99	225	6.5	8.1	99	99	99	999	1010.4	18.3	18	13.7	99	99
2003	12	24	22	99	234	5.8	7.2	99	99	99	999	1010.3	18.3	18.1	14.4	99	99
2003	12	24	23	99	270	6.3	7.7	99	99	99	999	1010.8	17.3	18.3	14	99	99
2003	12	25	0	99	245	5.4	6.7	99	99	99	999	1011.3	17.5	18.3	13.9	99	99
2003	12	25	1	99	237	5.5	7	99	99	99	999	1011.6	18	18.3	13.2	99	99
2003	12	25	2	99	230	6.4	8.3	99	99	99	999	1011.4	18	18.4	13.6	99	99
2003	12	25	3	99	237	6.6	7.7	99	99	99	999	1011.6	18	18.3	13	99	99
2003	12	25	4	99	254	8.9	10.6	99	99	99	999	1011.4	17.2	18.3	13.5	99	99
2003	12	25	5	99	268	9.3	99	99	99	99	999	9999	16.4	999	999	99	99
2003	12	25	6	99	275	9.5	11.4	99	99	99	999	1011.9	15.6	18	9.4	99	99
2003	12	25	7	99	279	9	10.9	99	99	99	999	1012.2	14.4	18	8.7	99	99
2003	12	25	8	99	270	9.1	10.6	99	99	99	999	1012.7	13.5	18	7.4	99	99
2003	12	25	9	99	999	99	99	99	99	99	999	9999	999	999	999	99	99
2003	12	25	10	99	291	7.1	9.3	99	99	99	999	1014.1	12	18	7	99	99
2003	12	25	11	99	330	6.6	99	99	99	99	999	9999	11.5	999	999	99	99
2003	12	25	12	99	340	8.5	10.4	99	99	99	999	1016.3	9.2	18	3.2	99	99
2003	12	25	13	99	341	8.8	10.7	99	99	99	999	1018	8	18.1	1.3	99	99
2003	12	25	14	99	344	8.2	10.9	99	99	99	999	1019.2	7.4	18.2	1.2	99	99
2003	12	25	15	99	344	8.4	10.8	99	99	99	999	1020.1	7.4	18.3	1.5	99	99
2003	12	25	16	99	339	8.1	9.9	99	99	99	999	1020.1	7.4	18.3	0	99	99
2003	12	25	17	99	999	99	99	99	99	99	999	9999	999	999	999	99	99
2003	12	25	18	99	999	99	99	99	99	99	999	9999	999	999	999	99	99
2003	12	25	19	99	315	4.9	99	99	99	99	999	9999	7.5	999	-1.5	99	99
2003	12	25	20	99	316	5.3	8.1	99	99	99	999	1020.4	7.9	17.5	-3.1	99	99
2003	12	25	21	99	312	3.8	5.4	99	99	99	999	1021	8.3	17.5	-2.9	99	99
2003	12	25	22	99	295	4.8	6.7	99	99	99	999	1021.4	8.7	17.3	-1	99	99
2003	12	25	23	99	999	99	99	99	99	99	999	9999	999	999	999	99	99
2003	12	26	0	99	316	4.2	99	99	99	99	999	1021.8	9.1	999	-2.4	99	99
2003	12	26	1	99	316	4.9	6.5	99	99	99	999	1022.4	9	17.5	-1.5	99	99
2003	12	26	2	99	319	6.3	8.1	99	99	99	999	1022.6	9	17.5	-2.8	99	99
2003	12	26	3	99	325	6.9	99	99	99	99	999	1023.3	8.9	17.6	-2.1	99	99
2003	12	26	4	99	333	6.4	8.5	99	99	99	999	1023.5	8.7	17.6	-4.2	99	99
2003	12	26	5	99	334	6.2	8	99	99	99	999	1023.5	8.7	17.6	-3.5	99	99
2003	12	26	6	99	337	7.3	8.9	99	99	99	999	1023.2	8.5	17.6	-4.4	99	99
2003	12	26	7	99	340	5.9	7.5	99	99	99	999	1024	8.7	17.5	-1.9	99	99
2003	12	26	8	99	340	5.5	7.1	99	99	99	999	1025	8.6	17.3	-3.3	99	99
2003	12	26	9	99	342	5.1	6.8	99	99	99	999	1025.1	8.5	17.2	-3.9	99	99
2003	12	26	10	99	341	6.2	8.3	99	99	99	999	1025	8.4	16.8	-2	99	99
2003	12	26	11	99	354	6.4	8.6	99	99	99	999	1025	8.6	16.8	-1.9	99	99
2003	12	26	12	99	354	6.1	8.1	99	99	99	999	1025.7	8.5	17	-1.9	99	99
2003	12	26	13	99	345	6.2	8.7	99	99	99	999	1026.5	8.4	17.2	-2.6	99	99
2003	12	26	14	99	343	5.6	7	99	99	99	999	1026.8	8.6	17.2	-1.4	99	99
2003	12	26	15	99	345	5.7	7.3	99	99	99	999	1027.1	8.7	17.2	-1.4	99	99
2003	12	26	16	99	341	6.3	8.8	99	99	99	999	1026.4	8.6	17.3	-1.6	99	99
2003	12	26	17	99	347	5.8	99	99	99	99	999	9999	999	999	999	99	99
2003	12	26	18	99	333	5.6	8.2	99	99	99	999	1024.9	7.9	17.5	-0.8	99	99
2003	12	26	19	99	333	4.8	6.5	99	99	99	999	1024.3	8	17.3	-0.7	99	99
2003	12	26	20	99	309	3.5	4.8	99	99	99	999	1024.3	8.2	16.9	-2.1	99	99
2003	12	26	21	99	301	3.8	5.3	99	99	99	999	1024.4	8.8	16.7	-1.5	99	99
2003	12	26	22	99	293	4.5	6.2	99	99	99	999	1024.3	9.4	16.7	-1.9	99	99
2003	12	26	23	99	284	4.9	6.7	99	99	99	999	1024.2	10.2	16.7	-0.7	99	99
2003	12	27	0	99	310	7.2	9.8	99	99	99	999	1024.1	10.9	16.7	0.5	99	99
2003	12	27	1	99	317	7.4	9	99	99	99	999	1024.1	11.1	16.5	-1.9	99	99
2003	12	27	2	99	321	8	10	99	99	99	999	1024.1	11	16.7	-3.9	99	99
2003	12	27	3	99	325	7.9	9.6	99	99	99	999	1024.3	11.1	16.8	-2.9	99	99
2003	12	27	4	99	338	7	9.1	99	99	99	999	1024.5	10.7	16.8	-1.5	99	99
2003	12	27	5	99	341	7.9	9.4	99	99	99	999	1024.2	11	17.2	-1.1	99	99
2003	12	27	6	99	356	7.8	9.6	99	99	99	999	1024	11	16.8	-3.1	99	99
2003	12	27	7	99	347	7.7	99	99	99	99	999	9999	10.8	999	-4.9	99	99
2003	12	27	8	99	344	7.4	8.9	99	99	99	999	1024.2	10.6	16.5	-4.4	99	99
2003	12	27	9	99	345	7.7	9.2	99	99	99	999	1024.2	10.3	16	-3.9	99	99
2003	12	27	10	99	333	7.3	9	99	99	99	999	1024.1	9.9	15.7	-2.9	99	99
2003	12	27	11	99	350	6.5	8.2	99	99	99	999	1023.9	9.7	15.6	-3	99	99
2003	12	27	12	99	348	5.7	7	99	99	99	999	1024.1	10	16	-0.3	99	99
2003	12	27	13	99	355	5.9	7.7	99	99	99	999	1024.7	9.9	16.5	1.1	99	99
2003	12	27	14	99	10	5.9	7.2	99	99	99	999	1025.2	10.1	16.4	2.3	99	99
2003	12	27	15	99	16	5.6	6.9	99	99	99	999	1025.7	11.3	16	999	99	99
2003	12	27	16	99	10	5.1	6.7	99	99	99	999	1025.2	11.4	16	1.1	99	99
2003	12	27	17	99	13	5	6.8	99	99	99	999	1024.3	11.3	16	1.6	99	99
2003	12	27	18	99	358	4.9	6.3	99	99	99	999	1024.1	11.4	16.4	1.6	99	99
2003	12	27	19	99	349	5.1	6.1	99	99	99	999	1024.1	11.3	16.7	3.1	99	99
2003	12	27	20	99	358	3.4	4.7	99	99	99	999	1024.1	11.7	16.4	999	99	99
2003	12	27	21	99	345	2.5	3.4	99	99	99	999	1024.2	11.7	16.4	999	99	99
2003	12	27	22	99	342	2	2.7	99	99	99	999	1024.1	11.7	16.4	-2.1	99	99
2003	12	27	23	99	336	2	3	99	99	99	999	1024.1	11.8	16.4	-0.9	99	99
2003	12	28	0	99	316	3	4	99	99	99	999	1024.3	11.8	16.6	-0.3	99	99
2003	12	28	1	99	302	4.2	5.2	99	99	99	999	1024.3	12.6	17.3	-2.6	99	99
2003	12	28	2	99	299	5.6	6.7	99	99	99	999	1024.6	12.9	17.5	0.9	99	99
2003	12	28	3	99	303	5.9	7.2	99	99	99	999	1024.6	12.9	17.6	1.2	99	99
2003	12	28	4	99	316	5.5	6.8	99	99	99	999	1024.9	12.8	17.5	0.5	99	99
2003	12	28	5	99	333	5.8	6.9	99	99	99	999	1024.8	12.6	16.8	999	99	99
2003	12	28	6	99	343	5.3	6.3	99	99	99	999	1024.8	12.6	16.5	3.1	99	99
2003	12	28	7	99	348	5.4	6.4	99	99	99	999	1024.8	12.9	16.5	3.9	99	99
2003	12	28	8	99	16	5.3	6.9	99	99	99	999	1025.1	13.7	16.7	999	99	99
2003	12	28	9	99	29	6.6	8.5	99	99	99	999	1024.4	13.6	16.5	1.6	99	99
2003	12	28	10	99	26	6.7	8.2	99	99	99	999	1024.8	13.4	16.5	0.8	99	99
2003	12	28	11	99	24	6.6	8.3	99	99	99	999	1025.1	12.9	16.4	2.9	99	99
2003	12	28	12	99	26	6.3	7.9	99	99	99	999	1025.6	12.7	16.4	2.8	99	99
2003	12	28	13	99	11	6	7.6	99	99	99	999	1026.5	12.7	16	3.7	99	99
2003	12	28	14	99	7	5.7	7.2	99	99	99	999	1027.1	12.5	16	4	99	99
2003	12	28	15	99	6	5.3	6.8	99	99	99	999	1027.2	12.6	16.5	5	99	99
2003	12	28	16	99	5	6.1	7.6	99	99	99	999	1026.8	12.5	17.3	6.4	99	99
2003	12	28	17	99	12	6.2	7.5	99	99	99	999	1025.8	12.4	17.5	999	99	99
2003	12	28	18	99	354	6.7	7.6	99	99	99	999	1025.2	12.8	17.3	9.8	99	99
2003	12	28	19	99	6	6.9	8.5	99	99	99	999	1025.1	13.6	16.8	10.5	99	99
2003	12	28	20	99	4	7.2	8.3	99	99	99	999	1025.2	13.3	16.7	10.2	99	99
2003	12	28	21	99	14	7.4	8.9	99	99	99	999	1025.4	13.9	16.7	10.4	99	99
2003	12	28	22	99	20	7.9	8.9	99	99	99	999	1025.7	14.2	16.5	10.7	99	99
2003	12	28	23	99	14	7.7	8.8	99	99	99	999	1025.8	14.2	16.4	10.4	99	99
2003	12	29	0	99	24	6.8	7.9	99	99	99	999	1025.8	14.8	16	11.2	99	99
2003	12	29	1	99	37	7.1	8.5	99	99	99	999	1026	15.2	16.3	11.3	99	99
2003	12	29	2	99	32	7.3	8.8	99	99	99	999	1025.8	15.5	17.2	11.9	99	99
2003	12	29	3	99	36	7.1	8.7	99	99	99	999	1025.5	15.7	17.5	12.4	99	99
2003	12	29	4	99	33	6.6	8	99	99	99	999	1025	16.4	17.6	13	99	99
2003	12	29	5	99	49	5.6	6.6	99	99	99	999	1025	16.7	17.5	13.3	99	99
2003	12	29	6	99	29	5.6	6.6	99	99	99	999	1024.3	16.5	17.6	13.4	99	99
2003	12	29	7	99	24	5.1	5.9	99	99	99	999	1024.3	16.5	17.5	13.4	99	99
2003	12	29	8	99	19	4.3	5.3	99	99	99	999	1024.1	16.7	17.2	13.1	99	99
2003	12	29	9	99	11	3.1	4.8	99	99	99	999	1023.7	17.3	16.8	12.2	99	99
2003	12	29	10	99	148	3	4.5	99	99	99	999	1023.5	18.7	16.7	999	99	99
2003	12	29	11	99	135	2.1	2.7	99	99	99	999	1023.5	18.3	16.7	11.4	99	99
2003	12	29	12	99	167	4.7	6.6	99	99	99	999	1023.6	18.5	16.7	9.9	99	99
2003	12	29	13	99	146	3.5	5.8	99	99	99	999	1024.3	18.8	16.7	9.5	99	99
2003	12	29	14	99	119	2.2	3.2	99	99	99	999	1025	18.3	16.7	10.2	99	99
2003	12	29	15	99	110	2.2	2.8	99	99	99	999	1025.2	18.4	16.8	10.3	99	99
2003	12	29	16	99	91	1.9	2.9	99	99	99	999	1024.1	19.2	18.8	9.7	99	99
2003	12	29	17	99	192	5.4	6.3	99	99	99	999	1023	19.9	19.5	8.9	99	99
2003	12	29	18	99	193	2.6	3.5	99	99	99	999	1022.5	19.9	19.8	9.4	99	99
2003	12	29	19	99	180	4.2	5.5	99	99	99	999	1021.9	20.3	19.9	10.2	99	99
2003	12	29	20	99	172	3.9	4.8	99	99	99	999	1021.8	20.3	19.9	10	99	99
2003	12	29	21	99	180	3.7	4.6	99	99	99	999	1021.9	20.4	19.9	10.8	99	99
2003	12	29	22	99	190	5.4	6.9	99	99	99	999	1021.9	20.4	19.9	11	99	99
2003	12	29	23	99	173	6.3	7.8	99	99	99	999	1021.8	20.4	19.8	11.4	99	99
2003	12	30	0	99	174	5.4	6.2	99	99	99	999	1021.9	20.4	19.6	11.4	99	99
2003	12	30	1	99	184	6.5	7.7	99	99	99	999	1021.9	20.6	19.5	12.8	99	99
2003	12	30	2	99	190	6.6	8	99	99	99	999	1021.9	20.7	19.6	13.1	99	99
2003	12	30	3	99	188	7.8	9.2	99	99	99	999	1021.2	21.1	19.6	12.8	99	99
2003	12	30	4	99	186	8.7	10.1	99	99	99	999	1020.5	21.1	19.8	13.6	99	99
2003	12	30	5	99	190	7.8	9.8	99	99	99	999	1019.7	21.2	20.3	14.5	99	99
2003	12	30	6	99	180	10	11.9	99	99	99	999	1018.9	21.1	20.4	14.2	99	99
2003	12	30	7	99	190	9.9	11.7	99	99	99	999	1018.7	21.3	20.4	14.4	99	99
2003	12	30	8	99	195	12.4	16.4	99	99	99	999	1018.2	20.5	20.6	14.4	99	99
2003	12	30	9	99	206	10.3	12.4	99	99	99	999	1018.2	18	20.6	16.6	99	99
2003	12	30	10	99	197	9.8	11.9	99	99	99	999	1017.7	20.4	20.6	16.4	99	99
2003	12	30	11	99	999	99	99	99	99	99	999	9999	999	999	999	99	99
2003	12	30	12	99	222	11.7	14.6	99	99	99	999	1017.7	21.4	20.4	999	99	99
2003	12	30	13	99	215	10.7	13.1	99	99	99	999	1018.5	21.4	20.3	13.8	99	99
2003	12	30	14	99	223	10.8	13.2	99	99	99	999	1019.3	21.4	20.3	14.6	99	99
2003	12	30	15	99	228	10.3	99	99	99	99	999	1020	21.2	20.3	16.1	99	99
2003	12	30	16	99	251	12	14.6	99	99	99	999	1019.8	19.1	20.3	14.4	99	99
2003	12	30	17	99	257	11.7	14.3	99	99	99	999	1019.4	18.3	20.3	13.8	99	99
2003	12	30	18	99	247	11.4	13.9	99	99	99	999	1018.6	18.2	20.3	13.4	99	99
2003	12	30	19	99	251	10.3	12.2	99	99	99	999	1018.3	18.4	20.3	14.1	99	99
2003	12	30	20	99	268	10.5	12.4	99	99	99	999	1018.6	17.7	20.3	12.9	99	99
2003	12	30	21	99	999	99	9.4	99	99	99	999	1019.7	999	19.9	999	99	99
2003	12	30	22	99	288	7	8.5	99	99	99	999	1020.6	17.5	19.9	11.5	99	99
2003	12	30	23	99	320	6.7	8.6	99	99	99	999	1021.8	16.8	19.9	10.2	99	99
2003	12	31	0	99	329	8.8	99	99	99	99	999	9999	16.8	19.8	5.4	99	99
2003	12	31	1	99	344	10.4	12.2	99	99	99	999	1023.9	15.6	19.6	1.6	99	99
2003	12	31	2	99	354	10.3	12.8	99	99	99	999	1024.8	14.6	999	1.3	99	99
2003	12	31	3	99	356	9.7	11.7	99	99	99	999	1025.7	14.3	19.6	1.7	99	99
2003	12	31	4	99	4	8.7	10	99	99	99	999	1025.7	13.7	19.6	3.4	99	99
2003	12	31	5	99	7	9.8	11.6	99	99	99	999	1025.5	13.6	19.6	1.3	99	99
2003	12	31	6	99	21	7.9	9.8	99	99	99	999	1025.5	13.4	19.6	1.7	99	99
2003	12	31	7	99	31	7.7	9.7	99	99	99	999	1025.8	13.4	19.6	0.1	99	99
2003	12	31	8	99	22	8.2	10.3	99	99	99	999	1025.8	13.3	19.6	1.6	99	99
2003	12	31	9	99	28	7.4	9.3	99	99	99	999	1026.3	13.3	19.5	2.6	99	99
2003	12	31	10	99	20	7.8	9.9	99	99	99	999	1026.2	12.9	19.3	1.9	99	99
2003	12	31	11	99	35	6.9	9	99	99	99	999	1026.6	13.3	19.1	2.1	99	99
2003	12	31	12	99	41	6.2	7.9	99	99	99	999	1027	13.5	19.1	2	99	99
2003	12	31	13	99	39	6.9	8.4	99	99	99	999	1027.3	13.9	19	4.1	99	99
2003	12	31	14	99	62	5.4	7.4	99	99	99	999	1028.2	14.7	18.8	5	99	99
2003	12	31	15	99	23	4.6	7	99	99	99	999	1028.9	14.8	18.8	7	99	99
2003	12	31	16	99	17	4.8	6	99	99	99	999	1028.4	14.7	18.8	7.4	99	99
2003	12	31	17	99	10	4.3	5.1	99	99	99	999	1026.7	15.6	19	8.5	99	99
2003	12	31	18	99	345	7.5	9.1	99	99	99	999	1026	14.2	19.1	9.2	99	99
2003	12	31	19	99	347	7.8	9.2	99	99	99	999	1025.9	13.3	19.1	8.8	99	99
2003	12	31	20	99	355	7.8	9.9	99	99	99	999	1026.5	13.4	19.1	9.6	99	99
2003	12	31	21	99	6	6.4	7.6	99	99	99	999	1026.6	14.1	19.1	9.6	99	99
2003	12	31	22	99	11	5.2	6.1	99	99	99	999	1026.6	14.2	19.1	9.3	99	99
2003	12	31	23	99	11	3.4	4.2	99	99	99	999	1026.8	14.3	19.1	9.7	99	99
