YYYY MM DD hh mm  WD  WSPD GST  WVHT  DPD   APD  MWD  BAR    ATMP  WTMP  DEWP  VIS  TIDE
2006 01 01 00 00 236  8.6 10.1  3.50 13.79  8.44 254  990.8  10.7  10.6   8.0 99.0 99.00
2006 01 01 01 00 240  9.0 11.6  3.73 12.90  8.50 248  992.3  10.7  10.6   8.1 99.0 99.00
2006 01 01 02 00 235  8.7 10.6  4.01 12.12  8.32 253  993.4  10.7  10.6   8.2 99.0 99.00
2006 01 01 03 00 229  7.2  9.0  3.90 12.90  8.20 251  994.2  10.7  10.5   8.1 99.0 99.00
2006 01 01 05 00 194  7.9 10.3  4.07 12.12  7.92 248  994.9  10.5  10.5   8.1 99.0 99.00
2006 01 01 06 00 182  9.9 12.2  4.47 12.12  8.17 276  994.9  10.6  10.5   8.3 99.0 99.00
2006 01 08 17 00 197  6.6  8.3  4.53 12.12  8.86 263 9999.0   9.6  10.3   8.0 99.0 99.00
2006 01 08 18 00 206  8.6 10.6  4.68 12.12  8.89 266 9999.0   9.5  10.3   8.3 99.0 99.00
2006 01 08 19 00 181  9.2 10.8  4.83 12.12  8.63 256 9999.0   9.8  10.3   8.5 99.0 99.00
2006 01 08 20 00 181  9.6 11.6  4.82 12.90  8.52 256 9999.0  10.1  10.3   8.6 99.0 99.00
2006 01 08 21 00 192 11.0 13.6  4.34 11.43  7.83 251 9999.0  10.4  10.3   8.9 99.0 99.00
2006 01 08 22 00 186 11.1 12.5  3.96 11.43  7.65 264 9999.0  10.5  10.3   8.8 99.0 99.00
2006 01 08 23 00 186 10.9 13.6  3.90 12.12  7.56 269 9999.0  10.8  10.3   8.7 99.0 99.00
2006 01 09 00 00 183 10.3 12.5  3.85 13.79  7.40 266 9999.0  10.8  10.3   9.0 99.0 99.00
2006 01 09 01 00 183 11.6 14.8  3.49 12.90  7.09 254 9999.0  10.8  10.3   9.0 99.0 99.00
2006 01 09 02 00 187 13.5 17.4  3.70 11.43  7.10 264 9999.0  10.7  10.3   9.0 99.0 99.00
2006 01 09 03 00 183 14.0 17.9  3.61 12.90  6.71 283 9999.0  10.6  10.3   9.1 99.0 99.00
2006 01 09 04 00 182 14.7 18.2  3.92  6.67  6.60 196 9999.0  10.7  10.3   9.1 99.0 99.00
2006 01 09 05 00 184 14.6 18.2  3.97  7.14  6.48 178 9999.0  10.7  10.3   9.3 99.0 99.00
2006 01 09 06 00 181 14.6 18.2  4.05  7.69  6.40 193 9999.0  10.6  10.3   9.6 99.0 99.00
2006 01 09 07 00 185 15.5 19.1  4.15  7.69  6.56 190 9999.0  10.7  10.3   9.8 99.0 99.00
2006 01 09 08 00 183 15.2 18.7  4.53  7.69  6.78 184 9999.0  10.7  10.3   9.9 99.0 99.00
2006 01 09 09 00 186 14.1 17.3  4.86  9.09  6.96 221 9999.0  10.8  10.3  10.0 99.0 99.00
2006 01 09 10 00 200 13.3 17.0  5.21  7.69  7.19 199 9999.0  11.1  10.3  10.4 99.0 99.00
2006 01 09 11 00 198 12.7 15.6  5.13  8.33  7.43 207 9999.0  11.2  10.3  10.4 99.0 99.00
2006 01 09 12 00 203 11.6 14.4  4.98  8.33  7.48 197 9999.0  11.0  10.3  10.4 99.0 99.00
2006 01 09 13 00 209 10.9 13.5  4.59  8.33  7.43 214 9999.0  11.0  10.3  10.5 99.0 99.00
2006 01 09 14 00 210 10.8 12.8  4.38 10.81  7.49 280 9999.0  11.0  10.2  10.6 99.0 99.00
2006 01 09 15 00 213 10.6 12.9  4.79  8.33  7.40 222 9999.0  11.0  10.2  10.6 99.0 99.00
2006 01 09 16 00 220  9.9 11.6  4.26 12.12  7.55 274 9999.0  10.9  10.2  10.5 99.0 99.00
2006 01 09 17 00 299  7.0  9.1  4.26  9.09  7.74 212 9999.0   9.7  10.2   9.0 99.0 99.00
2006 01 09 18 00 282  4.7  6.0  4.13  9.09  7.83 215 9999.0  10.1  10.2   8.9 99.0 99.00
2006 01 09 19 00 243  4.0  5.2  4.29  9.09  8.11 199 9999.0  10.3  10.2   8.7 99.0 99.00
2006 01 09 20 00 237  5.5  6.7  4.21  9.09  8.32 203 9999.0  10.3  10.2   8.4 99.0 99.00
2006 01 09 21 00 233  5.5  7.0  4.28 12.12  8.60 267 9999.0  10.4  10.2   8.7 99.0 99.00
2006 01 09 22 00 206  5.2  6.4  4.47 16.00  8.91 280 9999.0  10.3  10.2   9.2 99.0 99.00
2006 01 09 23 00 199  4.9  5.9  5.16 17.39  9.47 279 9999.0  10.3  10.3   9.5 99.0 99.00
2006 01 10 00 00 172  4.7  6.8  5.16 16.00  9.92 285 9999.0  10.2  10.3   9.3 99.0 99.00
2006 01 10 01 00 155  6.1  8.4  5.42 14.81  9.80 267 9999.0  10.1  10.3   9.3 99.0 99.00
2006 01 10 02 00 163  6.7 10.9  5.91 14.81  9.97 267 1007.9   9.7  10.3   9.0 99.0 99.00
2006 01 10 03 00 152  9.2 12.1  6.19 16.00 10.05 266 1005.0   9.9  10.3   9.3 99.0 99.00
2006 01 10 04 00 197  9.9 11.8  5.89 17.39  9.95 277 1003.6  11.1  10.3  10.6 99.0 99.00
2006 01 10 05 00 205 13.8 16.2  5.84 17.39  9.24 273 1002.1  11.5  10.3  10.9 99.0 99.00
2006 01 10 06 00 206 13.6 16.4  5.77 17.39  8.67 255 1001.2  11.5  10.3  10.9 99.0 99.00
2006 01 10 07 00 206 13.4 16.5  5.90 17.39  8.84 270 1000.1  11.4  10.3  10.9 99.0 99.00
2006 01 10 08 00 216 13.7 16.8  5.73 16.00  8.56 282  999.9  11.6  10.2  11.0 99.0 99.00
2006 01 10 09 00 219 14.4 17.5  5.65 17.39  8.19 275  999.5  11.6  10.2  11.0 99.0 99.00
2006 01 10 10 00 223 13.6 16.1  5.72 16.00  8.35 286  999.3  11.4  10.2  10.9 99.0 99.00
2006 01 10 11 00 234 14.2 17.2  5.65 16.00  8.07 262 9999.0  11.4  10.2  10.5 99.0 99.00
2006 01 10 12 00 244 14.2 17.9  5.84  9.09  8.06 235 9999.0  11.4  10.2   9.4 99.0 99.00
2006 01 10 13 00 248 13.8 17.8  5.40 10.00  7.88 231 9999.0  11.1  10.2   8.6 99.0 99.00
2006 01 10 14 00 266 12.0 15.3  5.83 14.81  8.49 295 9999.0  10.6  10.2   8.3 99.0 99.00
2006 01 10 15 00 272  6.7  9.2  5.39 10.00  8.35 222 9999.0   9.6  10.2   8.3 99.0 99.00
2006 01 10 16 00 255  6.7  9.2  6.07 14.81  8.82 303 9999.0   9.8  10.2   7.9 99.0 99.00
2006 01 10 17 00 241  5.3  7.4  6.21 16.00  9.34 291 9999.0  10.1  10.2   7.9 99.0 99.00
2006 01 10 18 00 219  6.3  8.5  5.96 12.12  9.36 288 9999.0  10.2  10.2   7.9 99.0 99.00
2006 01 10 19 00 199  5.5  7.1  6.31 14.81  9.54 295 9999.0  10.0  10.2   8.4 99.0 99.00
2006 01 10 20 00 203  8.1  9.7  5.66 10.00  9.09 235 9999.0  10.3  10.2   9.3 99.0 99.00
2006 01 10 21 00 208 10.6 13.8  5.40 13.79  8.63 287 9999.0  10.4  10.2   8.5 99.0 99.00
2006 01 10 22 00 213 10.8 13.4  5.18 16.00  8.63 261 9999.0  10.1  10.2   8.2 99.0 99.00
2006 01 10 23 00 201  7.9 99.0 99.00 99.00 99.00 999 9999.0   9.8 999.0   8.4 99.0 99.00
2006 01 11 00 00 201  9.0 11.2  4.70 14.81  8.06 258 9999.0  10.0  10.2   9.0 99.0 99.00
2006 01 11 01 00 207  5.0  6.2  4.02 13.79  7.79 271 9999.0   9.7  10.2   8.8 99.0 99.00
2006 01 11 02 00 231  4.2  5.3  4.30 14.81  8.24 277 9999.0   9.5  10.2   8.9 99.0 99.00
2006 01 11 03 00 254 11.8 15.3  3.81 14.81  7.93 285 9999.0  10.4  10.2   9.1 99.0 99.00
2006 01 11 04 00 264 10.3 12.5  4.01 13.79  7.52 300 9999.0  10.3  10.2   8.5 99.0 99.00
2006 01 11 05 00 266 12.0 14.9  4.02 13.79  7.60 288 9999.0  10.1  10.2   8.1 99.0 99.00
2006 01 11 06 00 272 13.2 16.8  4.29 12.90  7.49 303 9999.0  10.4  10.2   6.1 99.0 99.00
2006 01 11 08 00 254 10.6 13.6  4.48 12.90  7.69 299 9999.0  10.4  10.2   6.6 99.0 99.00
2006 01 11 09 00 242 11.3 14.5  4.43 12.12  7.68 307 9999.0  10.4  10.2   6.7 99.0 99.00
2006 01 11 10 00 250 12.6 15.7  4.52 12.90  7.55 302 9999.0  10.3  10.2   5.6 99.0 99.00
2006 01 11 11 00 246 11.1 13.1  5.02  9.09  7.68 243 9999.0  10.0  10.2   6.8 99.0 99.00
2006 01 11 12 00 239 12.0 14.6  4.87  9.09  7.73 243 9999.0  10.4  10.2   7.0 99.0 99.00
2006 01 11 13 00 242 11.3 14.5  4.96 10.81  7.59 275 9999.0  10.2  10.2   6.2 99.0 99.00
2006 01 11 14 00 258 10.8 13.8  5.00  8.33  7.45 241 9999.0  10.0  10.2   4.3 99.0 99.00
2006 01 11 15 00 256 10.4 13.8  4.32 10.81  7.24 278 9999.0  10.0  10.2   4.7 99.0 99.00
2006 01 11 16 00 246 10.0 12.4  4.33  9.09  7.06 262 9999.0   9.8  10.2   5.9 99.0 99.00
2006 01 11 17 00 253  9.5 12.4  4.40  9.09  7.43 264 9999.0   9.8  10.2   6.0 99.0 99.00
2006 01 11 18 00 260 12.0 15.0  4.20  9.09  7.09 264 9999.0  10.1  10.2   5.5 99.0 99.00
2006 01 11 19 00 261 12.0 14.7  4.88 10.00  7.69 271 9999.0  10.1  10.2   5.7 99.0 99.00
2006 01 11 20 00 260 10.5 12.6  4.60 10.81  7.53 263 9999.0  10.1  10.2   5.9 99.0 99.00
2006 01 11 21 00 253 10.4 12.5  4.26 10.81  7.42 265 9999.0  10.3  10.2   6.1 99.0 99.00
2006 01 11 22 00 260 10.5 13.0  4.53 11.43  7.52 283 9999.0  10.3  10.2   6.2 99.0 99.00
2006 01 11 23 00 253  9.3 11.4  4.46 10.81  7.71 283 9999.0  10.3  10.2   6.5 99.0 99.00
2006 01 12 00 00 255  9.3 11.8  4.50 10.81  7.81 281 9999.0  10.3  10.2   6.2 99.0 99.00
2006 01 12 02 00 248  7.2  8.8  4.45 10.81  8.08 276 9999.0  10.1  10.2   6.6 99.0 99.00
2006 01 12 03 00 251  6.8  8.8  4.45 11.43  8.23 276 9999.0  10.0  10.2   6.2 99.0 99.00
2006 01 12 04 00 238  6.4  7.8  4.13 11.43  8.28 285 9999.0  10.0  10.2   6.7 99.0 99.00
2006 01 12 05 00 231  6.2  8.0  4.48 12.12  8.41 279 9999.0  10.0  10.2   6.7 99.0 99.00
2006 01 12 06 00 219  7.2  9.3  4.12 11.43  8.48 280 9999.0  10.1  10.2   7.0 99.0 99.00
2006 01 12 07 00 211  5.9  7.1  3.95 12.12  8.42 278 9999.0  10.0  10.2   7.5 99.0 99.00
2006 01 12 08 00 208  6.1  7.4  3.72 11.43  7.85 274 9999.0  10.1  10.2   7.5 99.0 99.00
2006 01 12 09 00 198  7.6  8.8  4.15 12.90  8.52 273 9999.0  10.1  10.2   7.6 99.0 99.00
2006 01 12 10 00 189  7.7  9.8  3.63 12.12  7.94 273 9999.0  10.2  10.2   8.0 99.0 99.00
2006 01 12 11 00 175  8.0  9.8  3.63 10.81  7.88 259 9999.0  10.2  10.2   8.2 99.0 99.00
2006 01 12 12 00 177  9.9 11.9  3.57 12.12  7.85 262 9999.0  10.2  10.2   6.4 99.0 99.00
2006 01 12 13 00 176 10.9 13.3  3.37 12.12  7.57 263 9999.0   9.7  10.2   7.6 99.0 99.00
2006 01 17 00 00 184 14.6 17.5  4.58 10.00  7.35 175 1009.0  11.3  10.1  10.6 99.0 99.00
2006 01 17 01 00 188 15.2 19.5  4.88  9.09  7.18 198 1007.7  11.5  10.1  10.7 99.0 99.00
2006 01 17 02 00 195 15.5 20.6  5.12 10.00  7.10 190 1007.4  11.5  10.1  10.7 99.0 99.00
2006 01 17 03 00 201 16.1 19.7  5.24  9.09  6.88 175 1007.7  11.6  10.1  10.9 99.0 99.00
2006 01 17 04 00 210 12.5 15.4  5.41  9.09  7.23 209 1009.1  11.9  10.1 999.0 99.0 99.00
2006 01 17 05 00 222 12.4 15.1  5.41  9.09  7.36 207 1010.2  11.7  10.1   9.3 99.0 99.00
2006 01 17 06 00 227 11.0 13.2  5.13 10.00  7.40 193 1011.7  11.4  10.1   8.8 99.0 99.00
2006 01 17 07 00 228  9.2 11.7  4.83 10.00  7.38 208 1012.5  11.2  10.1   8.3 99.0 99.00
2006 01 17 08 00 229  9.2 11.4  5.07 11.43  7.77 249 1013.1  11.0  10.1   8.1 99.0 99.00
2006 01 17 09 00 232  8.7 10.8  5.14 10.00  8.00 226 1013.3  10.8  10.1   7.7 99.0 99.00
2006 01 17 10 00 221  7.7  9.8  5.18 11.43  8.29 250 1013.9  10.7  10.1   7.7 99.0 99.00
2006 01 17 11 00 215  6.8  8.5  5.13 11.43  8.67 265 1014.1  10.6  10.0   7.4 99.0 99.00
2006 01 17 13 00 198  5.7  7.0  5.29 12.90  8.94 268 1013.6  10.4  10.0   8.0 99.0 99.00
2006 01 17 14 00 190  6.2  7.6  5.47 12.12  9.10 256 1013.1  10.3  10.0   8.0 99.0 99.00
2006 01 17 15 00 194  6.8  8.3  5.15 12.12  8.91 253 1012.9  10.3  10.0   8.0 99.0 99.00
2006 01 17 16 00 197  6.0  7.5  5.42 12.90  8.90 246 1012.1  10.3  10.0   8.1 99.0 99.00
2006 01 17 17 00 200  6.0  7.4  5.40 12.90  8.90 244 1012.2  10.3  10.0   8.2 99.0 99.00
2006 01 17 18 00 200  5.6  7.2  5.35 12.90  9.00 251 1011.9  10.3  10.0   8.4 99.0 99.00
2006 01 17 19 00 191  5.4  6.7  5.79 13.79  9.09 266 1011.4  10.4  10.1   8.7 99.0 99.00
2006 01 17 20 00 197  5.9  7.2  5.71 12.90  9.45 264 1010.4  10.3  10.1   8.4 99.0 99.00
2006 01 17 21 00 202  6.2  7.7  5.93 12.90  9.34 260 1009.5  10.3  10.1   8.5 99.0 99.00
2006 01 17 22 00 208  5.9  7.6  5.98 12.90  9.50 271 1008.7  10.4  10.1   8.7 99.0 99.00
2006 01 17 23 00 208  6.4  7.8  5.93 12.90  9.51 278 1008.6  10.3  10.1   8.9 99.0 99.00
2006 01 18 00 00 216  6.0  7.8  5.76 12.90  9.38 271 1008.6  10.3  10.1   8.7 99.0 99.00
2006 01 18 01 00 213  6.9  8.7  5.76 12.90  9.48 258 1008.1  10.2  10.1   8.8 99.0 99.00
2006 01 18 02 00 216  6.9  8.4  5.42 12.90  9.38 265 1008.0  10.2  10.1   7.3 99.0 99.00
2006 01 18 03 00 218  5.6  7.1  4.59 12.90  9.10 265 1007.9  10.0  10.1   7.7 99.0 99.00
2006 01 18 04 00 209  7.7  9.2  5.40 12.90  9.59 264 1007.6   9.8  10.1   7.2 99.0 99.00
2006 01 18 05 00 207  5.8  7.8  4.47 12.90  9.06 257 1007.4   9.1  10.1   6.9 99.0 99.00
2006 01 18 06 00 218  6.4  8.2  4.21 12.12  9.19 261 1006.8   9.5  10.0   6.4 99.0 99.00
2006 01 18 07 00 213  6.8  8.9  4.06 13.79  9.16 268 1006.5   9.6  10.0   6.7 99.0 99.00
2006 01 18 08 00 215  6.8  8.5  3.96 12.90  8.92 248 1006.3   9.6  10.1   6.6 99.0 99.00
2006 01 18 09 00 275  5.6  6.9  4.06 12.12  8.67 249 1006.1   8.4  10.0   6.1 99.0 99.00
2006 01 18 10 00 271  5.1  6.9  4.43 12.12  9.06 245 1006.3   8.7  10.0   6.2 99.0 99.00
2006 01 18 11 00 262  2.8  4.1  4.40 12.90  9.04 260 1006.5   8.9  10.0   5.9 99.0 99.00
2006 01 18 12 00 252  5.3  6.8  4.24 12.90  9.09 253 1006.7   8.9  10.0   5.9 99.0 99.00
2006 01 18 13 00 271  5.0  6.4  4.29 12.90  8.83 264 1006.7   8.7  10.1   5.4 99.0 99.00
2006 01 18 14 00 249  3.9  5.5  4.36 12.12  8.88 269 1007.0   8.8  10.1   5.5 99.0 99.00
2006 01 18 15 00 254  4.0  5.2  4.63 12.12  8.93 277 1007.5   9.1  10.0   5.1 99.0 99.00
2006 01 18 16 00 260  4.2  5.4  4.34 13.79  9.06 275 1008.2   9.2  10.0   5.8 99.0 99.00
2006 01 18 17 00 322  6.1  8.0  4.72 13.79  9.29 274 1009.3   7.8  10.0   5.5 99.0 99.00
2006 01 18 18 00 323  2.5  3.8  4.40 13.79  9.19 286 1010.0   8.8  10.1   5.0 99.0 99.00
2006 01 18 19 00 299  2.2  3.6  4.02 10.81  9.02 289 1011.2   8.9  10.0   5.1 99.0 99.00
2006 01 18 20 00 282  2.5  4.0  4.01 12.12  9.32 283 1011.5   9.1  10.1   5.3 99.0 99.00
2006 01 18 21 00 283  4.1  5.8  3.85 12.90  9.00 278 1011.7   9.4  10.1   6.2 99.0 99.00
2006 01 18 22 00 303  5.1  6.4  3.72 16.00  9.48 277 1012.0   9.6  10.2   6.4 99.0 99.00
2006 01 24 20 00 195  2.0  5.2 99.00 99.00 99.00  20 9999.0  17.4  17.9   4.3 99.0 99.00
2006 01 24 21 00 188  2.2  3.9 99.00 99.00 99.00 195 9999.0  18.2  18.8   2.9 99.0 99.00
2006 01 24 22 00 192  2.1  4.2 99.00 99.00 99.00  24 9999.0  18.1  18.5   1.9 99.0 99.00
2006 01 24 23 00 191  1.6  3.1 99.00 99.00 99.00   8 9999.0  17.1  17.3   2.0 99.0 99.00
2006 01 25 00 00 180  0.1  0.5 99.00 99.00 99.00   8 9999.0  12.8  14.3   5.3 99.0 99.00
2006 01 25 01 00 180  0.0  0.3 99.00 99.00 99.00   0 9999.0   9.7  11.0   5.1 99.0 99.00
2006 01 25 02 00 180  0.0  0.1 99.00 99.00 99.00   0 9999.0   9.0   8.9   4.7 99.0 99.00
2006 01 25 03 00 180  0.0  0.1 99.00 99.00 99.00   0 9999.0   8.4   7.6   3.8 99.0 99.00
2006 01 25 04 00 180  0.0  0.0 99.00 99.00 99.00   0 9999.0   7.0   6.6   4.0 99.0 99.00
2006 01 25 05 00 180  0.0  0.3 99.00 99.00 99.00   0 9999.0   6.0   5.7   4.0 99.0 99.00
2006 01 25 06 00 192  0.2  0.6 99.00 99.00 99.00   0 9999.0   5.5   4.9   3.8 99.0 99.00
2006 01 25 07 00 173  0.2  1.1 99.00 99.00 99.00   0 9999.0   7.4   5.0 999.0 99.0 99.00
2006 01 25 08 00 180  0.0  0.0 99.00 99.00 99.00   0 9999.0   5.3   4.7   3.1 99.0 99.00
2006 01 25 09 00 180  0.0  0.1 99.00 99.00 99.00   0 9999.0   4.5   4.1   2.9 99.0 99.00
2006 01 25 10 00 180  0.0  0.0 99.00 99.00 99.00   0 9999.0   4.2   3.6   3.0 99.0 99.00
2006 01 25 11 00 180  0.0  0.4 99.00 99.00 99.00   0 9999.0   3.9   3.3   3.1 99.0 99.00
2006 01 25 12 00 200  0.3  1.2 99.00 99.00 99.00   0 9999.0   5.6   3.6   3.4 99.0 99.00
2006 01 25 13 00 190  0.8  2.1 99.00 99.00 99.00   0 9999.0   6.2   3.9   2.9 99.0 99.00
2006 01 25 14 00 192  1.3  3.0 99.00 99.00 99.00   0 9999.0   7.4   4.6   3.2 99.0 99.00
2006 01 25 15 00 198  0.9  2.0 99.00 99.00 99.00 204 9999.0  10.8   7.2   3.8 99.0 99.00
2006 01 25 16 00 206  2.3  5.4 99.00 99.00 99.00   0 9999.0  13.5  11.4   1.6 99.0 99.00
2006 01 25 17 00 195  2.8  5.9 99.00 99.00 99.00   0 9999.0  15.6  14.8  -0.4 99.0 99.00
2006 02 19 02 00  36 10.3 12.8  2.50 12.90  5.76 292 9999.0   5.8  10.2  -6.0 99.0 99.00
2006 02 19 03 00  44 10.3 13.3  2.19  6.25  5.35  42 9999.0   6.0  10.2  -5.4 99.0 99.00
2006 02 19 05 00  42  9.6 11.7  2.14  5.88  5.22  48 9999.0   6.1  10.2  -7.1 99.0 99.00
2006 02 19 06 00  52  8.8 11.1  2.02  5.56  5.26  40 9999.0   6.4  10.2  -6.7 99.0 99.00
2006 02 19 08 00  55  8.8 99.0 99.00 99.00 99.00 999 9999.0   6.0 999.0  -7.1 99.0 99.00
2006 02 19 09 00  61  8.2 10.0  1.74 12.90  5.25 263 9999.0   5.7  10.2  -6.5 99.0 99.00
2006 02 19 10 00  56  7.6  9.5  1.73 12.90  5.40 308 9999.0   5.4  10.2  -6.2 99.0 99.00
2006 02 19 12 00  47  8.4 11.5  1.61 13.79  5.26  44 9999.0   5.2  10.2  -6.3 99.0 99.00
2006 02 19 13 00  54  8.1 12.2  1.94 13.79  5.39  88 9999.0   5.0  10.2  -5.3 99.0 99.00
2006 02 19 14 00  50  9.0 10.8  1.83 12.12  5.32 279 1024.9   5.2  10.2  -6.6 99.0 99.00
2006 02 19 15 00  62 10.5 12.4  1.87  5.88  5.14  59 1025.0   5.4  10.2  -6.5 99.0 99.00
2006 02 19 16 00  55  8.2 99.0 99.00 99.00 99.00 999 9999.0 999.0 999.0 999.0 99.0 99.00
2006 02 19 18 00  61  8.3 10.1  1.82 12.90  5.21  57 1026.9   6.0  10.1  -5.3 99.0 99.00
2006 02 19 20 00  44  8.1 10.2 99.00 99.00 99.00 254 1027.5   6.4  10.1  -4.1 99.0 99.00
2006 02 25 19 00 159  8.0 10.1  1.42  4.55  4.63 115 1014.7   9.1  10.0   5.9 99.0 99.00
2006 02 25 20 00 169  8.1  9.7  1.27  4.55  4.47 108 1014.4   9.4  10.1   5.9 99.0 99.00
2006 02 25 21 00 176  8.0  9.6  1.39  4.76  4.51 111 1014.6   9.5  10.1   7.2 99.0 99.00
2006 02 26 01 00 188  7.9  9.3  1.48  4.55  4.45 155 1012.5   9.7  10.1   6.4 99.0 99.00
2006 02 26 03 00 192  7.8  9.5  1.33  5.00  4.41 136 1012.2   9.9  10.1   6.6 99.0 99.00
2006 02 26 04 00 179  7.0  8.9  1.31  4.76  4.39 161 1012.0   9.9  10.0   7.6 99.0 99.00
2006 02 26 05 00 180  8.6 10.2  1.37  5.00  4.44 174 1012.1  10.0  10.0   7.8 99.0 99.00
2006 02 26 06 00 158  7.2  8.7  1.31  5.00  4.44 179 1011.1  10.0  10.0   8.2 99.0 99.00
2006 02 26 09 00 152  6.5  8.0  1.39  5.26  4.74 183 1009.7  10.1  10.1   8.8 99.0 99.00
2006 02 26 10 00 161  7.9  9.1  1.53  7.14  4.98 234 1009.5  10.1  10.1   9.0 99.0 99.00
2006 02 26 12 00 152  7.6  9.0  1.48  6.67  4.86 220 1007.8  10.1  10.1   8.9 99.0 99.00
2006 02 26 13 00 155  6.6  7.7  1.44  4.76  4.86 165 1006.9  10.2  10.1   8.9 99.0 99.00
2006 02 26 14 00 158  6.7  7.9  1.48  7.69  5.11 230 1006.2  10.2  10.1   9.0 99.0 99.00
2006 02 26 15 00 159  7.5  8.7  1.33  7.69  4.81 226 1005.2  10.2  10.0   9.0 99.0 99.00
2006 02 26 19 00 139  9.6 11.7  1.48  7.14  5.20 229 1001.9   9.9  10.1   8.9 99.0 99.00
2006 02 26 20 00 143 10.7 12.8  1.54  7.14  4.75 210 1001.0   9.6  10.0   7.6 99.0 99.00
2006 02 26 21 00 114  7.6  8.8  1.65  7.14  4.87 217  998.9   9.3  10.0   7.2 99.0 99.00
2006 02 26 22 00 108 10.9 12.7  1.45  6.25  4.92 205  996.9   9.2  10.0   7.9 99.0 99.00
2006 02 26 23 00 119 12.1 14.8  1.66  7.14  4.45 204  995.1   9.1  10.0   8.1 99.0 99.00
2006 02 27 00 00 129 13.1 15.7  2.02  4.76  4.62 111  993.6   9.2   9.9   8.3 99.0 99.00
2006 02 27 03 00 178 15.9 19.4  3.32  6.67  5.54 159  989.9  11.0   9.9   9.8 99.0 99.00
2006 02 27 05 00 187 16.9 21.6 99.00 99.00 99.00 155  989.1  11.5  10.0   9.3 99.0 99.00
2006 02 27 07 00 192 17.7 22.2  7.57 13.79  8.96 155  989.5  10.8  10.0   9.0 99.0 99.00
2006 02 27 08 00 201 17.7 23.4  7.27 13.79  8.68 158  989.9  10.5  10.0   8.7 99.0 99.00
2006 02 27 09 00 212 16.3 20.7  7.36 12.90  8.88 175  991.3  10.3  10.0   8.4 99.0 99.00
2006 02 27 10 00 226 14.1 17.4  6.83 12.90  8.57 167  994.0   9.8  10.0   8.4 99.0 99.00
2006 02 27 12 00 229  9.2 11.2  5.73 13.79  9.11 201  996.9   9.5  10.0   8.4 99.0 99.00
2006 02 27 13 00 243  6.4 99.0 99.00 99.00 99.00 999  997.1   9.3  10.0   8.1 99.0 99.00
2006 02 27 15 00 297  4.5  6.3  4.87 13.79  9.43 200  997.6   9.3  10.0   7.8 99.0 99.00
2006 02 27 18 00  12  5.5  7.7  3.55 12.90  8.13 173  999.6   8.4   9.8   6.9 99.0 99.00
2006 02 27 22 00   9  8.9 11.4  4.06 12.12  8.03 193  999.3   7.5   9.8   6.2 99.0 99.00
2006 02 28 01 00  13  9.8 12.1  4.13 12.12  8.03 202  999.5   7.3   9.9   5.4 99.0 99.00
2006 02 28 03 00  13  9.9 12.3  3.58 10.81  7.27 250  999.0   6.9  10.0   4.3 99.0 99.00
2006 02 28 04 00  18 10.5 13.2  3.83 12.12  7.45 194  998.1   6.9   9.9   3.6 99.0 99.00
2006 02 28 05 00  15  9.7 12.1  3.42 10.00  6.81 312  998.6   6.8   9.9   3.4 99.0 99.00
2006 02 28 06 00  17  9.5 12.2  3.64 10.00  7.00 334  997.8   6.4   9.8   3.0 99.0 99.00
2006 02 28 07 00  10  9.7 12.7  3.22 11.43  6.71 221  996.9   6.9   9.8   2.3 99.0 99.00
2006 02 28 08 00 358  9.4 11.4  3.30 11.43  6.79 185  997.0   7.3   9.8   1.9 99.0 99.00
2006 03 02 20 00 208 12.3 15.1  5.97 11.43  8.44 198 1007.9   8.6   9.6   2.7 99.0 99.00
2006 03 02 23 00 202  8.7 10.8  4.85 14.81  8.41 298 1009.5   8.8   9.5   1.9 99.0 99.00
2006 03 03 01 00 189  6.3  8.5  4.67 14.81  8.66 288 1010.3   8.3   9.6   2.1 99.0 99.00
2006 03 03 02 00 172  9.6 11.4  4.32 14.81  8.34 276 1011.0   6.3   9.6   3.6 99.0 99.00
2006 03 03 08 00 152  3.9  6.0  3.74 12.90  8.08 276 1011.0   5.9   9.2   2.9 99.0 99.00
2006 03 03 10 00 287  1.2  2.4  3.82 12.90  8.22 301 1010.3   5.5   9.2   3.4 99.0 99.00
2006 03 03 11 00 291  2.3  3.9  3.57 11.43  8.24 294 1009.8   5.6   9.2   3.7 99.0 99.00
2006 03 03 12 00 326  3.1  4.1  3.74 11.43  8.71 292 1008.8   5.7   9.2   3.8 99.0 99.00
2006 03 03 14 00 306  1.3  2.4  3.53 10.81  8.63 289 1008.5   6.1   9.3   3.5 99.0 99.00
2006 03 03 15 00 313  1.6  2.8  3.10 12.12  8.45 287 1008.2   6.1   9.2   3.7 99.0 99.00
2006 03 03 16 00 327  3.2  4.2  3.31 12.90  8.78 293 1008.0   6.5   9.3   3.6 99.0 99.00
2006 03 03 17 00 318  5.1  6.2  3.09 12.90  8.60 302 1008.1   6.7   9.4   4.2 99.0 99.00
2006 03 03 18 00 315  6.4  7.9  3.06 12.12  8.33 311 1008.0   6.3   9.4   4.4 99.0 99.00
2006 03 03 20 00 305  6.0  7.4  2.93 12.12  8.26 313 1007.7   6.4   9.3   2.9 99.0 99.00
2006 03 03 21 00 303  4.7 99.0 99.00 99.00 99.00 999 9999.0 999.0 999.0 999.0 99.0 99.00
2006 03 04 01 00 256  5.0  6.1  2.21 11.43  7.43 296 1008.0   7.8   9.7   2.4 99.0 99.00
2006 03 04 03 00 245  6.6  8.3  2.42 10.81  7.25 294 1008.6   7.6   9.6   2.0 99.0 99.00
2006 03 04 07 00 197  6.9  8.5  2.16 10.81  6.94 284 1009.6   7.7   9.6   2.2 99.0 99.00
2006 03 04 08 00 193  5.6  6.8  2.29 10.00  6.70 284 1009.6   7.0   9.6   2.3 99.0 99.00
2006 03 04 11 00 185 12.2 14.9  1.99 10.81  5.97 277 1008.9   8.0   9.4   2.8 99.0 99.00
2006 03 04 13 00 170 12.2 15.2  2.20 10.81  5.23 288 1008.6   7.2   9.6   4.0 99.0 99.00
2006 03 04 16 00 155 10.7 13.0  2.57  5.88  5.25 177 1008.4   8.0   9.3   4.6 99.0 99.00
2006 03 04 17 00 173 10.4 13.2  2.53  6.25  5.27 184 1008.8   8.1   9.0   4.8 99.0 99.00
2006 03 04 18 00 149 13.9 16.7  2.74  6.25  5.43 176 1008.4   8.5   9.0   5.5 99.0 99.00
2006 03 04 20 00 154 14.3 17.6  3.58  7.14  6.17 169 1008.1   8.8   9.4   5.2 99.0 99.00
2006 03 04 21 00 145 14.0 18.2 99.00 99.00 99.00 999 1007.8   8.7   9.4   4.8 99.0 99.00
2006 03 04 22 00 153 14.8 18.8  3.67  8.33  6.39 163 1007.2   9.1   9.5   4.5 99.0 99.00
2006 03 04 23 00 145 13.8 17.5  4.35  9.09  6.94 161 1006.6   9.1   9.5   5.1 99.0 99.00
2006 03 05 00 00 140 13.3 16.8  4.58  9.09  7.00 169 1006.3   8.9   9.5   5.4 99.0 99.00
2006 03 05 01 00 135 13.3 16.5  4.26 10.00  7.10 160 1005.2  10.0   9.5 999.0 99.0 99.00
2006 03 05 03 00 146 14.8 20.1  4.81 10.81  7.15 158 1004.2  10.8   9.5   3.3 99.0 99.00
2006 03 05 04 00 133 14.6 19.8  4.85 10.81  7.31 150 1004.0  10.4   9.5   4.1 99.0 99.00
2006 03 05 05 00 138 15.4 19.1  5.04 10.81  7.09 168 1003.4  10.0   9.5   4.7 99.0 99.00
2006 03 05 06 00 132 14.1 17.4  4.65 11.43  7.31 171 1002.8   9.9   9.5   5.3 99.0 99.00
2006 03 05 07 00 130 14.7 18.0  5.37 12.12  7.84 175 1002.0  10.0   9.5   5.1 99.0 99.00
2006 03 05 09 00 131 15.6 19.3  5.76 13.79  8.02 170 1000.2   9.7   9.3   5.1 99.0 99.00
2006 03 05 11 00 144 15.5 20.4  6.31 12.12  8.21 177  999.2   9.2   9.2   5.3 99.0 99.00
2006 03 05 12 00 171 11.1 13.8  5.67 12.12  7.83 175  999.8   7.3   9.2 999.0 99.0 99.00
2006 03 05 15 00 182  9.6 11.9  5.14 12.90  8.44 177 1001.9   7.9   9.2   4.0 99.0 99.00
2006 03 05 17 00 164 10.2 12.9  4.41 12.90  8.42 178 1003.0   8.3   9.4   4.7 99.0 99.00
2006 03 05 20 00 152 12.7 15.9  4.36 12.90  7.65 165 1002.4   9.2   9.5   5.8 99.0 99.00
2006 03 05 21 00 150 13.3 15.7  4.47 12.90  7.36 183 1001.9   9.5   9.5   5.9 99.0 99.00
2006 03 05 23 00 148 14.4 19.3  5.33 12.12  7.55 171 1000.3   9.7   9.5   7.0 99.0 99.00
2006 03 06 00 00 149 14.8 17.9  5.34 11.43  7.72 182  999.3  10.2   9.4   6.6 99.0 99.00
2006 03 06 02 00 156 17.3 22.1  5.98 10.81  7.56 169  997.1   9.9   9.2   8.1 99.0 99.00
2006 03 06 03 00 153 17.2 21.4  5.92 11.43  7.64 180  996.7  10.4   9.0   7.2 99.0 99.00
2006 03 06 04 00 156 18.7 23.2  6.44 12.12  8.04 171  995.8  10.4   9.0   7.4 99.0 99.00
2006 03 06 05 00 162 16.3 19.2  6.68 11.43  8.29 152  996.3   8.2   8.9   7.2 99.0 99.00
2006 03 06 07 00 187 12.7 16.2  6.52 12.12  8.91 183  997.2   9.6   8.8 999.0 99.0 99.00
2006 03 06 08 00 169 13.1 16.2  6.26 12.90  8.75 180  996.8   9.5   8.8   5.8 99.0 99.00
2006 03 06 09 00 186 13.5 17.5  5.73 12.12  8.45 189  996.6   8.7   9.1 999.0 99.0 99.00
2006 03 06 20 00 220 12.2 14.5  4.72 10.81  6.90 198 1004.2   9.0   8.8   5.2 99.0 99.00
2006 03 06 21 00 221 10.2 13.3  4.28 10.00  6.88 202 1004.8   9.2   8.7   4.6 99.0 99.00
2006 03 07 00 00 229 10.6 12.5  3.76 10.00  6.72 225 1006.0   8.6   8.7   5.0 99.0 99.00
2006 03 07 07 00 267  7.2  8.8  3.35 10.00  7.35 263 1010.6   8.2   9.3   5.0 99.0 99.00
2006 03 07 08 00 999 99.0 99.0 99.00 99.00 99.00 278 9999.0 999.0 999.0 999.0 99.0 99.00
2006 03 07 09 00 278  7.3  8.5  3.30  9.09  7.04 245 1011.8   8.0   9.2   4.7 99.0 99.00
2006 03 07 11 00 294  6.1  7.4  3.25  9.09  7.19 265 1013.4   8.2   8.7   4.5 99.0 99.00
2006 03 07 14 00 303  6.7  8.4  3.01  9.09  6.78 284 1015.7   7.8   8.9   4.8 99.0 99.00
2006 03 07 15 00 323  7.9  9.9  2.98  9.09  6.49 267 1016.6   7.9   9.0   4.7 99.0 99.00
2006 03 07 17 00 311 11.0 12.6  3.08  9.09  6.36 280 1018.7   7.6   9.0   3.9 99.0 99.00
2006 03 07 21 00 299  6.1  7.5  3.54 10.81  7.38 302 1021.9   7.8   9.3   1.4 99.0 99.00
2006 03 07 23 00 282  5.8  7.6  3.14 10.81  7.35 305 1021.8   7.9   9.3   1.3 99.0 99.00
2006 03 08 00 00 265  6.7  8.3  2.72 10.00  7.22 307 1021.9   7.8   9.1   2.4 99.0 99.00
2006 03 08 01 00 263  5.9  7.1  2.68 10.81  7.00 295 1021.9   7.6   8.8   1.9 99.0 99.00
2006 03 09 21 00 257  6.4  8.5  5.78 14.81  9.32 302 1004.1   6.5   9.1   2.1 99.0 99.00
2006 03 10 00 00 276  9.1 12.5  6.37 16.00 10.39 313 1002.0   6.5   9.2   1.6 99.0 99.00
2006 03 10 01 00 999 99.0 99.0  6.55 16.00 10.42 320 9999.0   5.5 999.0 999.0 99.0 99.00
2006 03 10 02 00 288  7.9 10.8 99.00 99.00 99.00 310 1001.1   5.8   9.2   0.8 99.0 99.00
2006 03 10 03 00 296 10.4 13.8  6.16 14.81 10.18 293 1000.7   4.3   9.1   1.4 99.0 99.00
2006 03 10 04 00 291  8.5 10.5  6.44 16.00 10.61 305 1000.2   5.2   9.1 999.0 99.0 99.00
2006 03 10 06 00 282  6.7  8.8  6.59 14.81 10.22 309  999.0   5.3   9.1  -0.8 99.0 99.00
2006 03 10 08 00 290  6.9  9.7  6.44 16.00  9.89 317  998.3   4.7   9.0   0.1 99.0 99.00
2006 03 10 11 00 356  2.3  4.7  6.67 14.81 10.22 307  997.9   2.4   8.8  -0.6 99.0 99.00
2006 03 10 14 00 315  2.8  6.0 99.00 99.00 99.00 999  997.3   4.3   9.0  -2.0 99.0 99.00
2006 03 10 15 00 314  2.3  6.2  5.87 16.00 10.88 313  997.4   4.5   9.0  -1.2 99.0 99.00
2006 03 10 16 00 297  4.5  6.7  5.02 17.39 10.67 307  997.4   4.4   9.1  -0.3 99.0 99.00
2006 03 19 21 00 151  1.2  2.6  1.84  9.09  6.65 290 1016.1   7.7   9.3   0.0 99.0 99.00
2006 03 20 03 00 175  0.2  1.6 99.00 99.00 99.00 360 1011.4   7.4   8.9   0.4 99.0 99.00
2006 03 20 09 00  66  3.6  4.9  1.37 16.00  8.66 276 1007.1   7.3   8.8   2.6 99.0 99.00
2006 03 20 11 00  64  2.3  3.3 99.00 99.00 99.00 286 1005.9   7.9   8.7   3.1 99.0 99.00
2006 03 21 19 00 223  7.6  9.0  3.12 12.12  8.24 286 1008.6   8.2   8.8   3.6 99.0 99.00
2006 03 21 20 00 201  7.3  9.1  3.28 11.43  8.14 283 1008.6   8.5   8.8   3.1 99.0 99.00
2006 03 21 21 00 199  9.3 11.6  2.95 12.12  7.69 273 1008.3   8.7   8.9   4.2 99.0 99.00
2006 03 21 22 00 194 10.1 12.4  3.01 12.12  7.08 281 1008.0   8.2   8.8   5.5 99.0 99.00
2006 03 21 23 00 197  9.7 11.6  3.06 11.43  6.87 285 1007.8   8.5   8.8   5.5 99.0 99.00
2006 03 22 00 00 188 11.5 14.5  3.32 12.12  6.66 270 1007.5   8.8   8.8   6.1 99.0 99.00
2006 03 22 02 00 187 11.7 15.1  3.49  6.67  6.25 205 1007.0   9.1   8.8   7.0 99.0 99.00
2006 03 22 03 00 190 12.1 15.3  3.69 11.43  6.66 262 1006.7   9.3   8.8   7.3 99.0 99.00
2006 03 22 04 00 197 11.1 14.0  3.93 11.43  6.61 278 1006.8   9.1   8.8   8.0 99.0 99.00
2006 03 22 05 00 999 99.0 14.3 99.00 99.00 99.00 999 9999.0 999.0 999.0 999.0 99.0 99.00
2006 03 22 07 00 196 11.8 15.5  4.57  8.33  7.02 216 1008.0   9.6   8.8   7.9 99.0 99.00
2006 03 22 09 00 999 99.0 99.0  4.11  8.33  6.78 210 9999.0   9.3 999.0 999.0 99.0 99.00
2006 03 22 11 00 208  9.2 12.0  3.93  8.33  6.86 198 1009.4   9.3   8.8   8.0 99.0 99.00
2006 03 22 12 00 194  8.8 13.8  4.13  9.09  6.91 223 1009.6   9.6   8.8   8.0 99.0 99.00
2006 03 22 15 00 195  9.3 11.1  4.07  8.33  7.18 198 1011.1   9.6   8.8   7.3 99.0 99.00
2006 03 22 17 00 185  8.8 10.8  3.95  9.09  7.50 207 1013.0   8.3   8.7   6.8 99.0 99.00
2006 03 22 18 00 999 99.0 10.1 99.00 99.00 99.00 360 1013.7   8.3   8.7 999.0 99.0 99.00
2006 03 22 19 00 162  8.5 10.7  4.06 12.90  7.56 259 1014.0   8.6   8.8   7.3 99.0 99.00
2006 03 22 20 00 185  9.4 11.5  4.00 12.90  7.65 281 1014.3   8.9   8.8   7.5 99.0 99.00
2006 03 22 21 00 189  6.9  8.8  4.11  9.09  7.51 210 1014.7   8.8   8.8   7.0 99.0 99.00
2006 03 22 22 00 181  5.2  6.7  4.36  9.09  7.72 210 1014.8   8.4   8.8   6.9 99.0 99.00
2006 03 23 00 00 182  8.2 11.2  4.51  9.09  7.41 201 1014.0   9.5   8.7   8.4 99.0 99.00
2006 03 23 02 00 166 11.3 14.9  4.23  8.33  7.21 188 1012.9   9.6   8.7   8.5 99.0 99.00
2006 03 23 03 00 163 12.6 15.9  4.49  8.33  7.05 176 1012.3   9.7   8.7   8.6 99.0 99.00
2006 03 23 05 00 161 13.3 16.1  4.78  9.09  7.15 175 1012.1   9.6   8.7   8.5 99.0 99.00
2006 03 23 07 00 160 12.1 15.5  4.95 10.00  7.53 188 1012.2   9.7   8.6   8.7 99.0 99.00
2006 03 23 09 00 161 13.7 17.3  4.84 10.00  7.21 174 1011.1   9.7   8.6   8.8 99.0 99.00
2006 03 23 11 00 159 13.0 16.6  5.08  9.09  7.31 178 1010.2   9.6   8.6   8.8 99.0 99.00
2006 03 23 13 00 158 13.4 15.9  5.55 10.00  7.60 176 1009.0   9.9   8.6   8.7 99.0 99.00
2006 03 23 14 00 160 13.4 16.7  5.06 10.81  7.30 173 1008.5   9.8   8.6   8.4 99.0 99.00
2006 03 23 15 00 156 14.6 17.5  4.89 10.81  7.19 182 1007.9   9.9   8.6   8.7 99.0 99.00
2006 03 23 18 00 157 15.7 18.9  6.27 11.43  7.78 164 1006.3  10.1   8.6   9.0 99.0 99.00
2006 03 23 19 00 159 13.6 16.9  5.66 11.43  7.78 181 1006.0  10.0   8.6   8.7 99.0 99.00
2006 03 24 03 00 170  4.0  5.6  5.35 11.43  8.99 184 1008.7   8.4   8.6   7.1 99.0 99.00
2006 03 24 05 00 999 99.0 99.0  5.15 11.43  9.11 188 9999.0   8.4 999.0 999.0 99.0 99.00
2006 03 24 09 00 162  4.9  7.2  4.24 12.90  8.59 249 1007.2   9.2   8.5   8.1 99.0 99.00
2006 03 24 11 00 170  8.4 10.3  4.81 11.43  8.66 199 1006.6   9.3   8.5   6.8 99.0 99.00
2006 03 24 12 00 178 10.4 12.4  3.98 11.43  7.58 184 1005.9   8.9   8.5   4.5 99.0 99.00
2006 03 24 13 00 194 11.4 15.5  4.35 10.81  7.45 190 1006.0   8.6   8.5   5.6 99.0 99.00
2006 03 24 14 00 195 10.5 12.9  4.12 11.43  7.10 180 1006.2   8.4   8.5   4.9 99.0 99.00
2006 03 24 15 00 207 11.3 14.1  3.78 12.12  6.75 246 1006.2   8.5   8.5   5.4 99.0 99.00
2006 03 24 16 00 210 12.1 15.5  3.88 10.81  6.76 198 1006.8   8.3   8.5   5.2 99.0 99.00
2006 03 24 19 00 222 11.1 13.8  4.10  8.33  6.69 220 1010.6   7.9   8.5   3.5 99.0 99.00
2006 03 24 21 00 219  9.3 11.4  3.97  8.33  6.92 226 1012.0   8.2   8.6   4.3 99.0 99.00
2006 03 24 22 00 225  7.6  9.5  3.75  9.09  7.03 236 1012.5   8.4   8.6   3.6 99.0 99.00
2006 03 24 23 00 230  6.1  7.4  3.77 10.00  7.25 218 1012.8   8.4   8.6   3.8 99.0 99.00
2006 03 27 16 00  70  3.7  5.1  1.78  8.33  6.19 282 1008.6   8.5   8.6   5.5 99.0 99.00
2006 03 27 21 00 103  4.7  6.0  1.51 13.79  6.18 264 1005.1   9.1   8.8   6.1 99.0 99.00
2006 04 07 02 00 172  8.8 10.5  2.29  7.14  5.67 212 1015.3  10.4  10.1   8.3 99.0 99.00
2006 04 07 03 00 170  8.3  9.9  2.23  7.14  5.67 198 1015.3  10.3  10.1   8.3 99.0 99.00
2006 04 07 04 00 168  8.1  9.9  2.44  7.69  6.01 215 1015.4  10.2  10.1   8.5 99.0 99.00
2006 04 07 05 00 166  7.1  8.5  2.28  7.69  5.80 210 1016.0  10.2  10.0   8.6 99.0 99.00
2006 04 07 06 00 159  5.5  6.8  2.20  6.67  6.03 194 1015.9  10.3  10.0   8.6 99.0 99.00
2006 04 07 07 00 142  5.9  7.2  2.32  7.14  6.08 181 1015.9  10.1  10.0   8.7 99.0 99.00
2006 04 07 08 00 131  7.1  8.9  2.25  7.14  6.35 192 1015.6  10.1  10.0   8.5 99.0 99.00
2006 04 07 09 00 129  6.1  8.0  2.25  7.14  6.36 189 1015.6  10.0  10.0   8.5 99.0 99.00
2006 04 07 10 00 125  6.6  7.8  2.21  7.14  6.59 194 1015.0  10.0   9.9   8.5 99.0 99.00
2006 04 07 11 00 128  6.2  8.0  2.19  7.14  6.58 200 1014.8  10.1  10.0   8.4 99.0 99.00
2006 04 07 12 00 134  6.0  7.7  2.11  7.69  6.60 199 1014.4  10.1  10.0   8.1 99.0 99.00
2006 04 07 13 00 130  5.4  6.5  1.92  7.14  6.44 188 1014.0   9.9  10.0   7.9 99.0 99.00
2006 04 07 14 00 121  5.1  6.6  2.09  7.14  6.74 194 1013.7   9.7  10.0   7.2 99.0 99.00
2006 04 07 15 00  93  4.3  5.9  1.96  8.33  6.77 225 1013.3   9.9   9.9   6.9 99.0 99.00
2006 04 07 16 00  66  5.8  7.4  2.07 16.00  7.03 272 1012.2  10.1   9.9   6.5 99.0 99.00
2006 04 07 17 00  72  4.1  5.6  2.07 16.00  7.35 277 1012.3  10.0   9.9   7.5 99.0 99.00
2006 04 07 18 00  55  4.8  6.7  2.02  9.09  7.53 231 1011.7  10.0   9.9   7.6 99.0 99.00
2006 04 07 19 00  45  4.4  5.9  2.20  8.33  7.78 211 1011.1  10.1  10.0   7.6 99.0 99.00
2006 04 07 20 00  56  5.0  6.5  2.17 14.81  7.92 284 1010.6  10.4  10.1   7.4 99.0 99.00
2006 04 07 21 00  47  4.4  5.7  2.34 13.79  8.17 283 1010.0  10.2  10.1   7.7 99.0 99.00
2006 04 07 22 00  50  3.2  4.6  2.25 13.79  8.14 287 1009.8  10.3  10.1   7.6 99.0 99.00
2006 04 08 00 00  10  4.7  6.3  2.39  9.09  8.53 224 1008.1  10.8  10.1   7.6 99.0 99.00
2006 04 08 02 00 346  3.4  4.2  2.53 12.90  8.75 289 1007.8  10.5   9.7   8.4 99.0 99.00
2006 04 08 03 00   5  4.8  6.2  2.70 12.90  8.60 292 1007.6  10.3   9.6   8.5 99.0 99.00
2006 04 08 04 00 352  4.2  5.4  2.64 13.79  8.59 275 1007.6  10.3   9.3   7.6 99.0 99.00
2006 04 08 05 00 354  6.2  7.5  2.40 13.79  8.23 284 1007.4  10.3   9.2   7.3 99.0 99.00
2006 04 08 06 00 349  5.0  6.0  2.62 12.90  8.24 284 1007.5  10.4   9.2   7.3 99.0 99.00
2006 04 08 07 00 351  5.4  6.5  2.30 12.90  7.89 292 1007.1  10.4   9.1   7.4 99.0 99.00
2006 04 08 08 00 343  6.1  7.2  2.56 12.90  8.76 301 1006.8  10.4   9.1   7.3 99.0 99.00
2006 04 08 09 00 346  5.9  7.1  2.51 12.12  8.01 302 1006.7  10.6   9.1   6.9 99.0 99.00
2006 04 08 10 00 347  6.9  8.4  2.25 12.90  7.62 279 1006.6  10.5   9.1   7.1 99.0 99.00
2006 04 08 11 00 346  4.8  5.8  2.35 12.90  7.64 295 1007.1  10.4   9.1   7.3 99.0 99.00
2006 04 08 12 00 306  3.9  5.2  2.19 12.90  7.75 302 1007.9  10.2   9.1   7.4 99.0 99.00
2006 04 08 13 00 233  4.5  5.8  2.23 12.90  8.10 270 1008.8   9.7   9.1   7.5 99.0 99.00
2006 04 08 14 00 243  6.9  7.9  2.18 12.12  7.62 285 1009.3   9.6   9.1   7.1 99.0 99.00
2006 04 08 15 00 234  7.7  9.3  2.25 12.90  7.62 284 1010.1   9.7   9.0   7.0 99.0 99.00
2006 04 08 16 00 231  8.5 10.3  2.07 13.79  6.80 277 1011.2  10.0   9.1   8.4 99.0 99.00
2006 04 08 17 00 216  8.0  9.7  2.45 13.79  6.26 273 1012.1   9.5   9.1   7.8 99.0 99.00
2006 04 08 18 00 208  9.4 12.0  2.49 12.12  6.15 279 1012.8   9.3   9.1   7.3 99.0 99.00
2006 04 08 19 00 200 10.4 12.7  2.72 11.43  6.11 269 1013.4   9.1   9.1   6.8 99.0 99.00
2006 04 08 20 00 198  7.5  9.2  2.41 12.12  6.39 274 1014.5   8.5   9.1   7.0 99.0 99.00
2006 04 08 21 00 203  4.9  5.9  2.50  9.09  7.25 219 1015.4   8.9   9.1   7.3 99.0 99.00
2006 04 08 22 00 206  4.1  5.0  2.31  9.09  7.54 218 1015.7   9.2   9.2   8.3 99.0 99.00
2006 04 08 23 00 208  3.6  4.6  2.27  9.09  7.94 217 1016.0   9.6   9.3   8.6 99.0 99.00
2006 04 09 00 00 205  3.4  4.6  2.28  8.33  7.85 222 1016.2   9.8   9.2   8.1 99.0 99.00
2006 04 09 01 00 196  2.0  2.8  2.09 10.81  7.69 282 1016.1   9.8   9.1   8.2 99.0 99.00
2006 04 09 02 00 180  1.8  2.5  2.08  9.09  7.63 205 1016.0   9.8   9.1   8.5 99.0 99.00
2006 04 09 03 00 188  2.0  2.7  1.87  8.33  7.21 206 1016.0   9.6   9.1   8.5 99.0 99.00
2006 04 09 04 00 178  1.6  2.2  1.82 12.12  7.43 272 1016.4   9.6   9.1   8.6 99.0 99.00
2006 04 09 05 00 175  2.4  3.3  1.96  8.33  7.65 211 1016.5   9.5   9.1   8.6 99.0 99.00
2006 04 09 06 00 184  3.5  4.4  1.96  9.09  7.28 230 1016.7   9.6   9.0   8.6 99.0 99.00
2006 04 09 07 00 177  3.1  4.5  1.96  8.33  7.08 206 1016.6   9.5   9.1   8.6 99.0 99.00
2006 04 09 08 00 184  3.5  4.1  1.95 12.90  7.04 254 1016.5   9.6   9.1   8.6 99.0 99.00
2006 04 09 09 00 183  3.9  5.2  1.93 11.43  6.99 261 1016.5   9.6   9.2   8.5 99.0 99.00
2006 04 09 10 00 187  4.1  5.2  1.96 12.12  7.24 270 1016.3   9.7   9.7   8.3 99.0 99.00
2006 04 09 11 00 190  3.0  4.1  1.89 12.90  7.09 262 1016.3   9.6   9.8   8.3 99.0 99.00
2006 04 09 12 00 187  1.9  2.7  1.87 11.43  7.30 275 1016.0   9.5   9.8   8.3 99.0 99.00
2006 04 09 13 00 164  2.4  3.3  1.85  8.33  7.38 202 1015.5   9.4   9.8   8.3 99.0 99.00
2006 04 09 14 00 158  1.8  3.0  1.91 10.81  7.53 270 1015.2   9.4   9.8   8.1 99.0 99.00
2006 04 09 16 00 159  2.0  3.3  1.71  8.33  7.14 222 1015.0   9.6   9.8   8.0 99.0 99.00
2006 04 09 17 00 156  2.3  3.4  1.59 10.00  7.29 261 1014.8   9.7   9.9   8.0 99.0 99.00
2006 04 09 18 00 153  2.4  3.3  1.69 11.43  7.34 267 1014.8   9.7   9.8   8.1 99.0 99.00
2006 04 09 19 00 163  1.9  3.4  1.66  7.69  7.19 197 1014.7   9.7   9.7   7.9 99.0 99.00
2006 04 09 20 00 159  2.7  3.8  1.77 10.00  7.37 274 1014.5  10.0   9.9   7.6 99.0 99.00
2006 04 09 21 00 172  1.9  2.9  1.71  9.09  7.59 224 1014.1  10.0  10.3   7.2 99.0 99.00
2006 04 10 00 00 248  0.5  1.7  1.61  8.33  7.20 219 1013.0  10.1  11.1   7.0 99.0 99.00
2006 04 10 02 00 180  0.1  1.3  1.54 11.43  7.56 276 1012.3  10.2  10.8   7.3 99.0 99.00
2006 04 10 03 00 180  0.0  1.1  1.63 21.05  8.01 294 1011.9   9.6  10.6   7.0 99.0 99.00
2006 04 10 04 00 180  0.1  0.9  1.57 21.05  7.97 295 1011.9   9.4  10.6   7.0 99.0 99.00
2006 04 10 05 00 180  0.0  0.0  1.53 17.39  7.97 283 1012.0   9.2  10.4   6.6 99.0 99.00
2006 04 10 06 00 180  0.0  0.0  1.61 21.05  7.82 295 1011.7   9.2  10.4   6.8 99.0 99.00
2006 04 10 07 00 180  0.0  0.3  1.61 21.05  7.99 295 1011.3   9.1  10.3   6.7 99.0 99.00
2006 04 10 08 00 180  0.0  0.0  1.63 21.05  8.21 296 1010.8   8.9  10.2   6.7 99.0 99.00
2006 04 10 09 00 187  0.2  1.2  1.66 21.05  8.83 295 1010.7   9.0  10.1   6.8 99.0 99.00
2006 04 10 10 00 195  1.7  2.3  1.81 21.05  9.13 277 1010.2   8.9  10.0   6.7 99.0 99.00
2006 04 10 11 00 190  1.3  2.2  1.97 19.05  9.86 282 1009.8   8.9   9.9   7.0 99.0 99.00
2006 04 10 12 00 182  1.4  2.2  1.72 19.05  8.85 282 1009.6   9.1   9.8   7.1 99.0 99.00
2006 04 10 13 00 195  1.6  2.2  1.79 19.05  9.68 276 1009.0   9.2   9.7   6.7 99.0 99.00
2006 04 10 14 00 177  1.7  2.6  2.27 19.05 11.33 278 1008.7   9.1   9.6   6.5 99.0 99.00
2006 04 10 15 00 174  3.0  4.1  1.99 19.05 10.56 270 1008.6   9.4   9.8   6.6 99.0 99.00
2006 04 10 16 00 166  3.7  4.9  2.08 19.05 10.48 263 1008.6   9.5  10.0   6.3 99.0 99.00
2006 04 10 17 00 162  3.7  4.6  2.12 19.05 10.99 254 1008.3   9.6  10.1   6.5 99.0 99.00
2006 04 10 19 00 156  5.1  6.7  2.15 14.81 10.20 257 1008.1   9.6  10.1   5.9 99.0 99.00
2006 04 10 20 00 148  4.4  5.6  2.49 17.39 10.56 239 1007.7   9.4   9.9   6.6 99.0 99.00
2006 04 10 22 00 144  3.2  5.0  2.13 17.39  9.42 255 1007.3   9.4   9.4   7.0 99.0 99.00
2006 04 11 00 00 146  3.7  4.7  2.41 17.39 10.15 252 1006.4   9.8   9.5   6.3 99.0 99.00
2006 04 11 01 00 133  3.3  4.7  2.48 17.39 10.86 262 1006.1   9.7   9.5   6.6 99.0 99.00
2006 04 11 02 00 105  3.5  4.5  2.20 17.39 10.24 278 1005.6   9.6   9.5   7.1 99.0 99.00
2006 04 11 03 00  99  4.2  5.6  2.19 17.39 10.16 279 1005.4   9.5   9.6   7.2 99.0 99.00
2006 04 11 04 00  99  6.0  7.6  2.20 17.39  9.92 283 1005.6   9.6   9.7   7.3 99.0 99.00
2006 04 11 05 00  96  6.1  7.5  2.41 16.00 10.10 279 1005.8   9.8   9.7   7.5 99.0 99.00
2006 04 11 06 00 100  4.6  6.5  2.38 17.39  9.47 272 1005.9   9.5   9.6   7.8 99.0 99.00
2006 04 11 07 00 119  7.4  9.1  2.41 16.00  8.47 265 1005.7  10.0   9.6   7.7 99.0 99.00
2006 04 11 08 00 126  5.8  7.3  2.51 16.00  8.32 258 1005.8  10.1   9.4   8.2 99.0 99.00
2006 04 11 09 00 150  5.6  6.9  2.91 16.00  9.24 251 1006.2  10.0   9.4   8.1 99.0 99.00
2006 04 11 11 00 176  3.9  4.8  2.51 17.39  8.78 257 1007.1   9.7   9.3   7.6 99.0 99.00
2006 04 11 12 00 172  2.1  3.4  2.41 16.00  9.01 275 1007.2   9.7   9.4   8.0 99.0 99.00
2006 04 11 13 00 140  1.2  2.7  2.50 16.00  9.39 276 1007.5   9.7   9.3   8.1 99.0 99.00
2006 04 11 14 00 108  1.3  2.9  2.28 16.00  9.03 269 1007.9   9.7   9.3   8.6 99.0 99.00
2006 04 11 15 00 123  2.7  4.1  2.13 16.00  8.85 251 1008.5   9.9   9.3   8.6 99.0 99.00
2006 04 11 16 00 125  2.3  3.4  2.29 16.00  9.60 263 1009.2   9.9   9.3   8.4 99.0 99.00
2006 04 11 17 00 119  2.5  3.7  2.22 16.00  9.57 261 1009.7   9.9   9.3   8.4 99.0 99.00
2006 04 11 18 00 119  1.0  2.2  2.19 16.00  9.37 280 1010.3   9.9   9.4   8.6 99.0 99.00
2006 04 11 19 00  55  0.6  1.4  2.13 16.00  9.17 292 1010.8  10.1   9.5   8.8 99.0 99.00
2006 04 11 21 00  10  2.9  3.5  1.96 14.81  9.26 293 1011.0  10.3  10.0   8.8 99.0 99.00
2006 04 11 23 00  21  3.9  4.8  2.12 14.81 10.26 288 1010.9  10.3   9.8   8.4 99.0 99.00
2006 04 12 00 00  10  3.8  4.4  2.31 14.81 10.43 284 1011.0  10.3   9.9   8.9 99.0 99.00
2006 04 12 01 00   8  3.1  4.1  2.35 14.81 10.60 288 1011.6  10.4   9.9   8.6 99.0 99.00
2006 04 12 02 00 357  4.5  5.7  2.68 14.81 10.85 294 1011.8  10.3   9.8   8.3 99.0 99.00
2006 04 12 03 00 346  4.0  5.1  2.30 14.81  9.85 272 1012.2  10.1   9.7   8.5 99.0 99.00
2006 04 12 05 00 356  3.6  4.6  2.37 14.81  9.30 278 1013.6  10.0   9.5   8.2 99.0 99.00
2006 04 12 06 00 355  3.5  4.7  2.22 14.81  9.00 285 1014.0   9.9   9.5   8.6 99.0 99.00
2006 04 12 08 00 345  2.5  3.9  2.29 14.81  9.22 275 1014.6   9.7   9.3   8.6 99.0 99.00
2006 04 12 09 00 343  2.7  4.0  2.54 14.81  9.19 287 1014.6   9.7   9.4   8.5 99.0 99.00
2006 04 12 10 00 346  3.8  5.5  2.40 14.81  9.16 282 1014.6   9.7   9.5   8.2 99.0 99.00
2006 04 12 12 00 346  5.8  7.6  2.69 10.00  8.95 206 1014.9   9.5   9.3   7.4 99.0 99.00
2006 04 12 13 00 347  6.2  8.3  2.53 10.00  8.31 199 1015.1   9.5   9.4   7.0 99.0 99.00
2006 04 12 14 00 342  7.4  8.9  2.64 14.81  7.95 283 1015.9   9.5   9.4   6.9 99.0 99.00
2006 04 12 15 00 347  6.1  7.8  2.67 13.79  7.83 288 1016.8   9.3   9.3   5.9 99.0 99.00
2006 04 12 16 00 338  3.8  5.1  2.45 14.81  7.73 284 1017.4   9.3   9.3   5.3 99.0 99.00
2006 04 12 17 00 348  4.8  6.3  2.43 13.79  7.33 294 1017.9   9.3   9.3   5.5 99.0 99.00
2006 04 12 18 00 335  3.2  4.6  2.64 13.79  8.18 289 1018.3   9.3   9.3   5.9 99.0 99.00
2006 04 12 20 00 330  7.3  9.0  2.31 13.79  7.49 294 1018.9   9.0   9.4   4.7 99.0 99.00
2006 04 12 21 00 325  6.9  8.2  2.28 11.43  7.16 285 1019.2   8.7   9.4   3.2 99.0 99.00
2006 04 12 22 00 335  6.4  7.9  2.33 12.12  7.30 287 1018.9   8.8   9.4   1.7 99.0 99.00
2006 04 12 23 00 333  4.0  5.2  2.32 12.90  7.10 286 1019.0   8.7   9.5   2.2 99.0 99.00
2006 04 13 00 00 328  2.7  3.8  2.42 13.79  7.33 283 1019.2   8.7   9.5   2.8 99.0 99.00
2006 04 13 01 00 323  4.5  5.7  2.25 13.79  7.20 286 1018.9   8.5   9.5   2.4 99.0 99.00
2006 04 13 02 00 327  4.6  5.6  2.37 12.12  7.32 292 1019.1   8.5   9.5   2.8 99.0 99.00
2006 04 13 03 00 321  3.6  4.9  2.22 12.90  7.43 290 1018.7   8.5   9.4   2.7 99.0 99.00
2006 04 13 04 00 325  3.2  4.7  2.23 13.79  7.31 288 1019.0   8.5   9.4   2.8 99.0 99.00
2006 04 13 05 00 306  2.6  4.1  2.30 12.90  7.43 295 1019.5   8.5   9.4   2.8 99.0 99.00
2006 04 13 06 00 298  2.0  3.1  2.12 13.79  7.42 281 1019.4   8.4   9.4   3.2 99.0 99.00
2006 04 13 07 00 288  2.5  3.6  1.98 12.12  7.37 289 1019.5   8.5   9.4   3.0 99.0 99.00
2006 04 13 08 00 255  3.0  3.9  2.02 13.79  7.42 291 1019.0   8.5   9.3   3.6 99.0 99.00
2006 04 13 09 00 245  4.3  5.1  1.97 13.79  7.39 276 1019.0   8.5   9.4   4.2 99.0 99.00
2006 04 13 10 00 237  4.3  5.6  1.95 12.12  7.93 281 1018.7   8.6   9.3   4.2 99.0 99.00
2006 04 13 11 00 246  4.7  5.5  1.92 12.90  7.94 282 1018.7   8.7   9.4   4.0 99.0 99.00
2006 04 13 12 00 218  6.1  7.5  1.88 11.43  7.77 280 1017.6   8.6   9.4   4.0 99.0 99.00
2006 04 13 13 00 216  6.5  7.7  1.90 12.12  7.13 272 1017.6   8.5   9.4   4.6 99.0 99.00
2006 04 13 14 00 208  6.9  8.2  1.93 12.90  6.76 274 1017.2   8.8   9.3   4.9 99.0 99.00
2006 04 13 15 00 204  7.7  9.2  1.98 12.90  6.48 276 1016.9   8.8   9.3   5.1 99.0 99.00
2006 04 13 16 00 209  8.2 10.2  2.08 12.90  6.41 273 1016.7   8.5   9.3   5.4 99.0 99.00
2006 04 13 17 00 199  9.2 11.2  2.06 12.12  6.00 276 1016.1   8.5   9.3   6.2 99.0 99.00
2006 04 13 18 00 202  9.9 12.5  2.16 12.12  5.65 280 1015.6   8.8   9.3   6.2 99.0 99.00
2006 04 13 19 00 202 10.7 13.0  2.19 11.43  5.40 279 1015.2   8.7   9.2   6.2 99.0 99.00
2006 04 13 20 00 203 11.8 14.6  2.37  5.00  5.32 221 1014.1   9.0   9.2   6.8 99.0 99.00
2006 04 13 21 00 205 11.3 13.8  2.58  5.56  5.45 220 1013.6   9.4   9.2   6.5 99.0 99.00
2006 04 13 22 00 207 12.4 15.1  2.81  5.88  5.62 228 1013.0   9.2   9.2   6.9 99.0 99.00
2006 04 13 23 00 206 11.6 14.6  3.00  6.25  5.77 232 1012.4   8.8   9.2   7.9 99.0 99.00
2006 04 14 00 00 207 10.6 12.8  3.03  6.67  5.99 238 1011.5   9.0   9.2   8.3 99.0 99.00
2006 04 14 01 00 206 10.3 12.5  3.33  7.69  6.24 253 1010.6   9.3   9.1   8.3 99.0 99.00
2006 04 14 02 00 210 10.2 12.5  2.99  7.69  6.06 253 1009.6   9.5   9.1   8.5 99.0 99.00
2006 04 14 03 00 214 10.0 11.9  3.15  7.69  6.10 251 1008.9   9.6   9.1   8.8 99.0 99.00
2006 04 14 04 00 235  8.0  9.9  3.19  7.69  6.13 252 1008.6   9.6   9.1   8.9 99.0 99.00
2006 04 14 05 00 237  7.2  8.7  3.14  7.14  6.48 237 1008.5   9.3   9.1   8.7 99.0 99.00
2006 04 14 06 00 240  6.3  7.8  2.93  7.14  6.47 242 1007.9   9.1   9.1   8.6 99.0 99.00
2006 04 14 07 00 241  7.1  8.6  2.84  8.33  6.53 279 1007.4   9.2   9.1   8.6 99.0 99.00
2006 04 14 08 00 239  6.2  7.5  2.60  7.69  6.45 254 1006.8   9.1   9.1   8.5 99.0 99.00
2006 04 14 09 00 262  5.7  6.9  2.82 10.00  6.82 303 1006.1   8.6   9.1   7.9 99.0 99.00
2006 04 14 10 00 268  7.2  9.7  2.59  7.14  6.42 255 1005.8   8.0   9.1   7.4 99.0 99.00
2006 04 14 11 00 273  8.0 10.3  2.54 10.00  6.05 299 1005.4   8.3   9.1 999.0 99.0 99.00
2006 04 14 12 00 279  7.7  9.4  2.49 10.00  6.23 306 1005.1   8.5   9.2 999.0 99.0 99.00
2006 04 14 13 00 282  6.9  8.7  2.55 10.00  6.66 297 1004.9   8.1   9.2 999.0 99.0 99.00
2006 04 14 14 00 281  7.7  9.3  2.79 10.81  6.70 296 1004.9   7.7   9.2   3.2 99.0 99.00
2006 04 14 15 00 262  7.1  8.9  2.61 10.81  6.79 295 1004.7   8.0   9.2   3.4 99.0 99.00
2006 04 14 16 00 257  7.9  9.5  2.68  9.09  6.61 300 1004.7   7.7   9.2   2.8 99.0 99.00
2006 04 14 17 00 272  7.7  9.2  2.80 11.43  6.47 303 1004.5   7.6   9.2   1.4 99.0 99.00
2006 04 14 18 00 279  6.6  8.0  2.75 11.43  6.69 303 1004.5   7.0   9.3   2.8 99.0 99.00
2006 04 14 19 00 262  8.7 10.4  2.70 10.81  6.82 297 1004.4   7.6   9.4   1.3 99.0 99.00
2006 04 14 20 00 270  8.4 10.9  2.85 10.81  6.53 298 1004.5   7.4   9.4   2.1 99.0 99.00
2006 04 14 21 00 267  6.7  8.0  3.23 11.43  7.13 300 1004.5   6.8   9.9   2.6 99.0 99.00
2006 04 14 22 00 256  6.0  7.6  2.80 10.81  7.06 304 1004.3   7.1  10.2   2.6 99.0 99.00
2006 04 14 23 00 247  7.6  8.8  2.94 11.43  7.33 297 1003.8   7.6  10.3   2.7 99.0 99.00
2006 04 15 00 00 245  7.4  9.1  3.00 10.81  7.19 302 1003.5   7.5  10.3   2.3 99.0 99.00
2006 04 15 01 00 252  5.8  7.5  3.08 11.43  7.33 301 1003.2   7.1  10.3   2.1 99.0 99.00
2006 04 15 02 00 257  8.2 10.6  3.05 11.43  7.30 297 1002.6   7.3  10.3   1.9 99.0 99.00
2006 04 15 03 00 250  7.1  9.0  3.26 10.81  7.77 300 1002.2   7.5  10.2   2.5 99.0 99.00
2006 04 15 04 00 237  7.2  8.6  3.42 11.43  7.45 294 1002.0   7.5  10.3   2.5 99.0 99.00
2006 04 15 05 00 211 10.5 13.6  3.34 11.43  7.75 295 1001.7   5.8  10.3   2.6 99.0 99.00
2006 04 15 06 00 216  8.5 10.3  3.65 11.43  8.33 292 1001.2   7.1  10.2   2.0 99.0 99.00
2006 04 15 07 00 208  7.2  8.7  3.67 12.12  7.94 279 1000.6   6.7  10.2   0.9 99.0 99.00
2006 04 15 08 00 209  7.1  9.2  3.83 12.12  8.18 285 1000.1   6.0  10.3 999.0 99.0 99.00
2006 04 15 09 00 183  5.8  7.6  3.37 12.12  8.25 268  999.2   6.0  10.3   2.8 99.0 99.00
2006 04 15 10 00 201  8.9 11.3  3.79 12.90  8.62 284  998.0   6.6  10.3   3.7 99.0 99.00
2006 04 15 11 00 192  9.3 11.7  3.92 12.90  8.67 276  996.9   7.2  10.2   3.9 99.0 99.00
2006 04 15 12 00 184  9.3 11.3  3.83 13.79  8.32 276  995.9   7.5  10.2   4.1 99.0 99.00
2006 04 15 13 00 174 10.6 14.0  3.86 13.79  8.06 266  994.5   7.5  10.2   5.0 99.0 99.00
2006 04 15 14 00 175 10.7 13.2  3.98 13.79  8.31 255  993.2   7.4  10.2   4.9 99.0 99.00
2006 04 15 15 00 171 12.0 15.5  4.00 14.81  7.91 249  991.4   7.6  10.2   5.5 99.0 99.00
2006 04 15 16 00 202 11.6 17.2  4.51 14.81  7.90 246  990.1   7.4  10.2   5.0 99.0 99.00
2006 04 15 17 00 240 10.9 13.0  4.48 16.00  8.22 303  990.6   7.5  10.2   4.4 99.0 99.00
2006 04 15 18 00 240 11.1 13.7  4.65 14.81  8.07 306  991.2   7.8  10.2   4.1 99.0 99.00
2006 04 15 19 00 242 12.3 14.9  4.59 16.00  7.95 302  992.1   8.3  10.2   2.8 99.0 99.00
2006 04 15 20 00 250 12.7 16.3  4.99 14.81  7.79 315  993.4   7.7  10.2   2.3 99.0 99.00
2006 04 15 21 00 259 11.6 14.8  4.86 16.00  7.81 325  994.8   7.5  10.3   2.6 99.0 99.00
2006 04 15 22 00 248 12.3 14.8  5.25 14.81  8.39 315  996.2   8.2  10.3   1.4 99.0 99.00
2006 04 15 23 00 242 11.7 15.1  5.07 13.79  7.93 318  997.5   8.2  10.3   0.7 99.0 99.00
2006 04 16 00 00 234 10.5 13.4  4.89 14.81  7.88 314  998.8   7.8  10.3   1.2 99.0 99.00
2006 04 16 01 00 236 11.1 14.1  5.45 14.81  8.18 310  999.4   7.8  10.3   1.3 99.0 99.00
2006 04 16 02 00 229 10.5 12.6  4.87 14.81  8.12 312  999.9   7.9  10.3   1.6 99.0 99.00
2006 04 16 03 00 229 10.3 12.8  5.10 14.81  8.46 296 1000.3   8.0  10.2   1.3 99.0 99.00
2006 04 16 05 00 224  9.7 11.6  5.27  9.09  8.16 265 1001.3   8.0  10.2   1.9 99.0 99.00
2006 04 16 06 00 214  9.6 11.5  5.10 14.81  8.09 286 1001.6   7.5  10.2   2.5 99.0 99.00
2006 04 16 07 00 216  9.6 12.0  4.84 10.00  7.62 295 1001.9   6.8  10.2   2.4 99.0 99.00
2006 04 16 08 00 231  9.8 15.4  4.49 11.43  7.63 300 1002.2   6.5  10.2   2.2 99.0 99.00
2006 04 16 09 00 221 12.5 16.2  4.83 14.81  8.01 289 1002.3   7.5  10.2   2.8 99.0 99.00
2006 04 16 10 00 229 10.6 13.5  4.64 14.81  7.72 301 1002.6   7.9  10.2   2.3 99.0 99.00
2006 04 16 11 00 213 10.3 12.9  4.90 10.00  7.80 287 1003.0   7.7  10.1   3.5 99.0 99.00
2006 04 16 12 00 214 10.5 12.8  4.39 13.79  7.33 292 1003.3   8.0  10.1   2.8 99.0 99.00
2006 04 16 13 00 237  9.7 13.2  4.63 13.79  7.98 294 1003.8   7.5  10.2   2.3 99.0 99.00
2006 04 16 14 00 217  9.8 12.2  4.84 13.79  7.92 291 1004.1   8.0  10.2   2.5 99.0 99.00
2006 04 16 15 00 212  9.8 11.9  4.15 11.43  7.45 281 1004.7   7.4  10.2   2.8 99.0 99.00
2006 04 16 16 00 208  8.8 10.4  4.29 11.43  7.90 286 1005.1   8.2  10.2   3.5 99.0 99.00
2006 04 16 17 00 212  9.5 11.0  4.41 12.90  8.23 287 1005.5   8.3  10.2   2.9 99.0 99.00
2006 04 16 19 00 221  9.2 10.9  4.40 13.79  8.25 286 1006.4   8.6  10.2   2.6 99.0 99.00
2006 04 16 20 00 216  8.8 10.8  4.25 13.79  8.07 277 1006.7   8.7  10.3   2.8 99.0 99.00
2006 04 16 21 00 234  7.3  8.8  4.17 14.81  8.10 270 1007.3   8.4  10.3   3.8 99.0 99.00
2006 04 16 22 00 216  6.5  8.8  4.02 12.12  7.95 271 1007.9   8.6  10.3   3.4 99.0 99.00
2006 04 16 23 00 227  8.3  9.9  4.24 13.79  8.51 284 1008.1   8.6  10.3   3.2 99.0 99.00
2006 04 17 00 00 215  6.5  7.9  4.10 13.79  8.43 287 1008.6   8.8  10.3   3.5 99.0 99.00
2006 04 17 01 00 222  7.4  8.7  3.98 13.79  8.28 293 1008.8   8.8  10.3   2.5 99.0 99.00
2006 04 17 02 00 222  7.0  8.6  4.06 12.90  8.57 278 1009.3   8.8  10.3   3.3 99.0 99.00
2006 04 17 03 00 225  7.1  8.3  3.70 12.90  8.24 282 1009.8   8.7  10.3   2.8 99.0 99.00
2006 04 17 04 00 230  6.8  8.1  3.75 12.90  8.18 289 1010.4   8.5  10.3   3.2 99.0 99.00
2006 04 17 05 00 216  6.8  7.9  3.61 12.90  8.10 292 1011.2   8.6  10.2   3.7 99.0 99.00
2006 04 17 06 00 206  7.8 10.5  3.66 12.90  7.96 288 1011.6   7.6  10.2   4.6 99.0 99.00
2006 04 17 07 00 264  7.4  8.9  3.65 12.90  7.92 297 1012.1   7.8  10.2   4.4 99.0 99.00
2006 08 10 02 00 346  6.7  7.8  1.10 14.81  5.32 207 1021.5  16.5  18.0  12.0 99.0 99.00
2006 08 10 03 00 351  7.2  8.3  1.02 16.00  5.18 199 1021.1  16.5  17.9  12.0 99.0 99.00
2006 08 10 04 00 356  7.6  8.7  1.02  7.69  4.97 311 1020.9  16.4  17.9  11.8 99.0 99.00
2006 08 10 05 00 352  8.0  9.8  1.09  8.33  4.75 312 1020.9  16.4  17.9  11.9 99.0 99.00
2006 08 10 06 00 350  7.8  9.0  1.18 14.81  4.65 304 1020.7  16.3  17.8  11.4 99.0 99.00
2006 08 10 07 00 353  8.0  9.7  1.14 14.81  4.66 237 1020.4  16.3  17.8  11.7 99.0 99.00
2006 08 10 08 00 352  8.3 10.1  1.19 14.81  4.69 250 1020.3  16.4  17.8  12.2 99.0 99.00
2006 08 10 09 00 345  8.3  9.7  1.29 14.81  4.66 255 1020.0  16.4  17.7  12.4 99.0 99.00
2006 08 10 10 00 349  8.4 10.2  1.21  7.69  4.57 323 1019.8  16.4  17.7  12.0 99.0 99.00
2006 08 10 11 00 342  9.4 11.4  1.35 13.79  4.44 249 1019.8  16.3  17.7  11.4 99.0 99.00
2006 08 10 12 00 342  8.9 10.6  1.45  5.00  4.54 354 1019.7  16.2  17.6  12.1 99.0 99.00
2006 08 10 13 00 344  9.3 11.1  1.40  5.56  4.71 345 1019.9  16.3  17.4  12.0 99.0 99.00
2006 08 10 14 00 341  8.6 10.0  1.39  5.56  4.70 347 1020.2  16.1  17.6  11.7 99.0 99.00
2006 08 10 15 00 341  8.3  9.7  1.39  5.88  4.82 347 1020.4  16.1  17.6  11.7 99.0 99.00
2006 08 10 16 00 347  8.0  9.6  1.50  6.67  4.87 326 1020.6  16.2  17.5  11.2 99.0 99.00
2006 08 10 17 00 340  7.7  8.9  1.38  5.88  4.80 346 1020.6  16.3  17.5  11.6 99.0 99.00
2006 08 10 18 00 341  7.8  9.3  1.43  5.56  4.86 352 1020.5  16.3  17.5  11.8 99.0 99.00
2006 08 10 19 00 334  8.5  9.8  1.67  6.67  5.11 344 1020.7  16.5  17.6  11.6 99.0 99.00
2006 08 10 20 00 333  7.9  9.1  1.53  7.14  4.85 345 1020.6  16.6  17.7  11.0 99.0 99.00
2006 08 10 21 00 333  7.3  8.3  1.82  6.67  5.08 349 1020.9  16.1  17.7  12.1 99.0 99.00
2006 08 10 22 00 333  7.7  9.5  1.63  6.67  4.93 343 1021.1  16.3  17.8  12.1 99.0 99.00
2006 08 10 23 00 326  8.9 10.4  1.84  7.69  5.40 349 1021.0  16.5  17.9  12.1 99.0 99.00
2006 08 11 00 00 333  9.3 11.3  1.94  6.67  5.40 353 1020.9  16.7  17.9  12.1 99.0 99.00
2006 08 11 01 00 320  9.2 11.2  1.97  7.69  5.36 356 1020.9  16.2  17.9  12.4 99.0 99.00
2006 08 11 02 00 330 10.1 11.6  2.02  7.69  5.44 353 1020.6  16.5  17.9  11.5 99.0 99.00
2006 08 11 03 00 331  8.7 10.5  2.20  7.14  5.59 349 1020.9  16.5  17.9  11.8 99.0 99.00
2006 08 11 04 00 327  9.7 11.2  2.19  8.33  5.64 351 1020.9  16.5  17.8  10.9 99.0 99.00
2006 08 11 05 00 322  8.9 10.4  2.18  7.69  5.68 346 1021.4  16.5  17.8  11.0 99.0 99.00
2006 08 11 06 00 326  8.7 10.1  2.18  7.69  5.64 359 1021.5  16.3  17.8  11.2 99.0 99.00
2006 08 11 07 00 324  8.2  9.8  2.19  7.69  5.71 350 1021.4  16.6  17.8  10.1 99.0 99.00
2006 08 11 08 00 318  7.5  9.0  1.95  7.69  5.52 351 1021.3  16.1  17.8  11.2 99.0 99.00
2006 08 11 09 00 340  8.1  9.7  1.95  8.33  5.64 356 1021.2  16.2  17.8  10.3 99.0 99.00
2006 08 11 10 00 346  6.8  8.1  1.79  7.69  5.28 347 1021.4  16.0  17.8  11.0 99.0 99.00
2006 08 11 11 00 346  5.4  7.1  1.91  7.14  5.79 352 1021.2  15.9  17.7  10.8 99.0 99.00
2006 08 11 12 00 323  6.7  8.5  1.76  7.69  5.59 353 1021.3  16.1  17.7  10.6 99.0 99.00
2006 08 11 13 00 333  7.7  9.9  1.81  7.69  5.72 347 1021.5  15.9  17.7  11.4 99.0 99.00
2006 08 11 14 00 339  6.7  8.5  1.77  7.69  5.61 358 1021.7  16.0  17.7  10.8 99.0 99.00
2006 08 11 15 00 333  7.6  8.8  1.87  7.69  5.59 352 1022.0  16.2  17.7   9.8 99.0 99.00
2006 08 11 16 00 338  6.9  8.7  2.03  7.69  5.87 353 1022.0  16.2  17.8  10.3 99.0 99.00
2006 08 11 17 00 341  6.4  8.0  1.62  7.69  5.54 346 1022.1  16.3  17.8   9.6 99.0 99.00
2006 08 11 18 00 347  4.3  5.4  1.72  7.69  5.69 343 1022.2  16.3  17.8   9.8 99.0 99.00
2006 08 11 19 00 348  7.5  8.9  1.66  7.69  5.66 348 1022.4  15.5  17.8 999.0 99.0 99.00
2006 08 11 21 00 336  7.9  9.6  1.80  7.69  5.76 356 1022.3  15.7  17.8  11.9 99.0 99.00
2006 08 11 22 00 327  5.5  6.7  1.67  7.69  5.58 360 1022.1  15.4  17.8  11.5 99.0 99.00
2006 08 11 23 00 353  6.2  7.3  1.37  7.69  5.27 358 1021.8  15.6  17.8  11.9 99.0 99.00
2006 08 12 00 00 347  5.5  6.9  1.50  7.69  5.46 353 1021.7  15.9  17.8  11.9 99.0 99.00
2006 08 12 01 00 341  6.7  8.8  1.45  7.69  5.42 354 1021.4  15.8  17.8  11.8 99.0 99.00
2006 08 12 02 00 341  7.0  8.3  1.35  6.67  5.18 346 1021.1  16.1  17.8  11.7 99.0 99.00
2006 08 12 03 00 340  7.5  9.2  1.44  7.14  5.25 354 1020.9  16.3  17.8  11.5 99.0 99.00
2006 08 12 04 00 342  7.5  8.9  1.48  7.14  5.25 356 1020.8  16.3  17.8  11.8 99.0 99.00
2006 08 12 05 00 353  7.4  8.8  1.33  7.14  4.95 352 1021.1  16.4  17.8  11.4 99.0 99.00
2006 08 12 06 00 342  8.0 10.0  1.52  7.14  5.21 356 1020.9  16.3  17.8  11.4 99.0 99.00
2006 08 12 07 00 346  7.8  9.8  1.36  7.14  4.85 352 1020.8  16.2  17.8  12.6 99.0 99.00
2006 08 12 08 00 344  6.3  7.7  1.44  7.14  4.92 352 1020.7  16.3  17.8  12.4 99.0 99.00
2006 08 12 09 00 337  8.3 10.1  1.31  6.67  4.77 351 1020.4  16.3  17.8  13.0 99.0 99.00
2006 08 12 10 00 347  8.6 10.2  1.34  6.67  4.71 344 1020.4  16.3  17.7  12.5 99.0 99.00
2006 08 12 11 00 358  8.7 10.2  1.38  6.67  4.61 347 1020.3  16.4  17.7  11.4 99.0 99.00
2006 08 12 12 00 354  7.4  9.0  1.49  6.67  4.70 348 1020.2  16.5  17.7  11.7 99.0 99.00
2006 08 12 13 00 349  6.2  8.0  1.37  6.67  4.71 343 1020.5  16.5  17.7  11.0 99.0 99.00
2006 08 12 14 00 359  6.8  8.4  1.43  6.25  4.76 340 1020.8  16.3  17.7  12.0 99.0 99.00
2006 08 12 15 00 358  7.5  9.1  1.40  6.67  4.79 352 1021.1  16.4  17.7  12.4 99.0 99.00
2006 08 12 16 00 359  7.1  9.0  1.49  6.67  4.81 344 1021.4  16.3  17.7  11.0 99.0 99.00
2006 08 12 17 00   1  6.9  8.6  1.47  6.25  4.82 347 1021.7  16.2  17.7  11.0 99.0 99.00
2006 08 12 18 00   2  6.8  8.6  1.39  6.25  4.88 343 1021.9  16.0  17.7  11.8 99.0 99.00
2006 08 12 19 00 354  6.7  8.2  1.31  6.25  4.72 345 1022.0  16.1  17.7  11.5 99.0 99.00
2006 08 12 20 00 348  6.8  8.1  1.18  6.25  4.65 337 1021.7  16.3  17.7  11.3 99.0 99.00
2006 08 12 21 00 349  7.2  8.7  1.28  5.88  4.74 335 1021.4  16.2  17.8  12.6 99.0 99.00
2006 08 12 22 00 349  7.7  9.2  1.34  5.88  4.62 344 1021.3  16.3  17.8  12.1 99.0 99.00
2006 08 12 23 00 348  8.5  9.9  1.33  6.25  4.52 340 1020.8  16.2  17.8  12.4 99.0 99.00
2006 08 13 00 00 349  8.4 10.7  1.34  5.88  4.38 345 1020.5  16.3  17.8  12.8 99.0 99.00
2006 08 13 01 00 352  9.5 11.5  1.51  6.25  4.59 346 1020.2  16.2  17.8  12.5 99.0 99.00
2006 08 13 02 00 348  9.7 12.4  1.54  6.25  4.57 344 1020.0  16.2  17.8  12.8 99.0 99.00
2006 08 13 03 00 345 10.6 12.9  1.66  6.25  4.65 339 1019.7  16.1  17.7  12.7 99.0 99.00
2006 08 13 04 00 345 10.6 12.8  1.88  5.88  4.83 357 1019.8  16.1  17.7  12.9 99.0 99.00
2006 08 13 05 00 358 10.6 12.5  2.05  5.88  4.92 358 1020.1  16.2  17.7  13.2 99.0 99.00
2006 08 13 06 00 357 10.3 12.9  2.03  6.25  4.98 353 1020.1  16.3  17.7  13.1 99.0 99.00
2006 08 13 07 00 359 10.1 11.7  1.94  7.14  5.02 349 1019.8  16.4  17.7  13.5 99.0 99.00
2006 08 13 08 00 356  9.5 11.6  1.97  6.67  5.06 352 1019.8  16.4  17.7  13.7 99.0 99.00
2006 08 13 09 00   2  9.1 10.4  1.81  6.25  4.75 354 1019.5  16.5  17.7  14.0 99.0 99.00
2006 08 13 10 00 358  9.3 11.1  1.90  6.67  5.03 349 1019.3  16.3  17.7  14.5 99.0 99.00
2006 08 13 11 00 355  9.4 11.2  1.82  6.67  4.90 353 1019.1  15.9  17.7  14.6 99.0 99.00
2006 08 13 12 00 354  9.5 11.2  1.98  6.67  5.15 355 1018.8  16.0  17.7  14.5 99.0 99.00
2006 08 13 13 00   5  9.5 11.0  1.74  6.67  5.04 349 1018.8  15.9  17.7  14.5 99.0 99.00
2006 08 13 14 00 354  8.7 10.6  1.72  6.67  4.87 344 1018.9  15.9  17.6  14.1 99.0 99.00
2006 08 13 15 00 359  9.6 12.1  1.89  6.67  5.09 347 1019.0  15.7  17.6  13.8 99.0 99.00
2006 08 13 16 00 355  8.9 10.9  1.81  6.67  4.97 350 1019.3  15.7  17.6  13.7 99.0 99.00
2006 08 13 17 00 354  9.7 11.1  1.92  7.14  5.09 340 1019.2  15.9  17.6  13.3 99.0 99.00
2006 08 13 18 00 360 10.3 12.2  1.76  6.67  5.00 348 1019.1  15.9  17.6  13.2 99.0 99.00
2006 08 13 19 00 349  9.4 10.9  1.82  6.67  4.89 340 1018.9  15.9  17.7  13.5 99.0 99.00
2006 08 13 20 00 358  9.7 11.4  1.74  6.67  4.77 344 1018.5  15.9  17.7  13.4 99.0 99.00
2006 08 13 21 00 349  9.2 10.9  1.73  7.14  4.97 355 1018.3  15.9  17.7  13.4 99.0 99.00
2006 08 13 22 00 349 10.0 12.0  1.77  6.67  4.85 352 1017.8  16.1  17.7  13.5 99.0 99.00
2006 08 13 23 00 343  9.8 11.5  1.80  7.14  5.00 356 1017.3  16.2  17.7  13.5 99.0 99.00
2006 08 14 00 00 341 11.1 13.1  1.84  7.14  4.97 342 1016.8  16.0  17.7  13.5 99.0 99.00
2006 08 14 01 00 345 11.0 13.0  2.04  7.14  5.07 355 1016.6  15.9  17.7  13.7 99.0 99.00
2006 08 14 02 00 338 11.0 13.3  2.25  7.14  5.32   2 1016.2  15.9  17.6  13.7 99.0 99.00
2006 08 14 03 00 341 11.4 13.5  2.27  7.14  5.25 348 1016.1  15.9  17.6  13.6 99.0 99.00
2006 08 14 04 00 339 11.9 13.9  2.52  7.69  5.46 348 1016.2  15.9  17.5  13.7 99.0 99.00
2006 08 14 05 00 344 11.8 13.8  2.64  7.69  5.69 353 1016.6  16.2  17.5  13.8 99.0 99.00
2006 08 14 06 00 348 11.4 13.5  2.55  7.69  5.70 345 1016.6  16.4  17.5  14.1 99.0 99.00
2006 08 14 07 00 345 11.7 13.6  2.33  7.14  5.61 345 1016.6  16.5  17.4  14.1 99.0 99.00
2006 08 14 08 00 344 11.0 13.3  2.40  7.69  5.44 350 1016.6  16.5  17.4  14.1 99.0 99.00
2006 08 14 09 00 343 11.8 14.0  2.52  7.69  5.50 343 1016.6  16.5  17.4  13.9 99.0 99.00
2006 08 14 10 00 338 11.5 14.1  2.39  7.69  5.57 348 1016.6  16.4  17.4  13.7 99.0 99.00
2006 08 14 11 00 334 11.4 13.8  2.37  7.14  5.39 346 1016.4  16.2  17.4  13.4 99.0 99.00
2006 08 14 12 00 340 11.0 13.3  2.22  7.69  5.35 350 1016.4  16.3  17.4  13.4 99.0 99.00
2006 08 14 13 00 339 10.5 12.6  2.49  7.14  5.53 351 1016.7  15.8  17.4  12.9 99.0 99.00
2006 08 14 14 00 339 10.4 12.2  2.50  7.14  5.48 354 1016.9  16.0  17.3  13.0 99.0 99.00
2006 08 14 15 00 333 10.4 13.1  2.16  7.69  5.46 358 1017.0  16.0  17.3  13.0 99.0 99.00
2006 08 14 16 00 332 10.3 12.9  2.34  7.14  5.53 347 1017.4  16.2  17.3  13.2 99.0 99.00
2006 08 14 17 00 333  9.9 12.0  2.37  7.14  5.58 348 1017.9  16.4  17.3  13.3 99.0 99.00
2006 08 14 18 00 341 10.4 12.5  2.45  7.14  5.62 346 1018.0  16.4  17.3  13.5 99.0 99.00
2006 08 14 19 00 342 10.0 11.9  2.78  7.69  5.94 342 1018.3  16.5  17.3  13.4 99.0 99.00
2006 08 14 21 00 335 10.4 12.1  2.55  7.69  5.98 341 1018.7  16.5  17.4  13.6 99.0 99.00
2006 08 14 22 00 336  8.8 10.4  2.74  7.69  6.01 344 1018.8  16.6  17.4  13.7 99.0 99.00
2006 08 14 23 00 346  8.4 10.1  2.72  8.33  6.08 352 1018.7  16.3  17.4  13.9 99.0 99.00
2006 08 15 00 00 336  9.3 11.7  2.62  8.33  6.06 359 1018.6  16.2  17.4  13.4 99.0 99.00
2006 08 15 01 00 340  9.7 11.6  2.57  8.33  6.09 355 1018.4  16.2  17.3  13.3 99.0 99.00
2006 08 15 02 00 333  8.9 11.5  2.75  8.33  6.21 346 1018.6  16.1  17.3  12.5 99.0 99.00
2006 08 15 03 00 329 10.3 12.5  2.55  9.09  5.98 353 1018.2  16.0  17.3  12.9 99.0 99.00
2006 08 15 04 00 334  8.6 11.4  2.44  8.33  5.86 356 1018.7  16.3  17.3  12.9 99.0 99.00
2006 08 15 05 00 328  9.7 11.9  2.44  8.33  5.79 347 1019.2  16.0  17.3  11.9 99.0 99.00
2006 08 15 06 00 335  9.4 11.1  2.56  7.14  5.86 347 1019.2  16.1  17.3  11.6 99.0 99.00
2006 08 15 07 00 342  9.5 11.5  2.39  9.09  5.96 347 1019.1  16.2  17.2  11.6 99.0 99.00
2006 08 15 08 00 328  8.5 10.1  2.38  7.69  5.76 351 1019.3  16.4  17.2  11.4 99.0 99.00
2006 08 15 09 00 327  6.8  7.9  2.23  9.09  5.70 337 1019.2  16.3  17.2  11.0 99.0 99.00
2006 08 15 10 00 315  7.3  9.4  2.31  8.33  5.97 348 1019.1  16.3  17.2  10.7 99.0 99.00
2006 08 15 11 00 336  6.4  8.1  2.29  7.69  5.89 349 1018.9  16.2  17.2   9.7 99.0 99.00
2006 08 15 12 00 314  6.5  8.0  2.12  7.69  5.66 354 1018.9  16.3  17.2   9.9 99.0 99.00
2006 08 15 13 00 317  6.0  7.5  2.08  8.33  5.93 345 1018.8  16.0  17.2  11.2 99.0 99.00
2006 08 15 14 00 327  6.8  8.4  2.15  8.33  6.01   2 1018.9  16.3  17.2   9.8 99.0 99.00
2006 08 15 15 00 334  7.5  8.9  2.15  8.33  6.12   5 1019.1  16.1  17.2  10.8 99.0 99.00
2006 08 15 16 00 327  5.8  7.0  2.10  9.09  6.16   2 1019.3  16.2  17.2  11.0 99.0 99.00
2006 08 15 17 00 335  6.7  7.7  2.33  9.09  6.27 349 1019.4  16.3  17.2  11.4 99.0 99.00
2006 08 15 18 00 330  7.6  8.8  2.52  7.69  6.43 353 1019.6  16.5  17.2  10.6 99.0 99.00
2006 08 15 19 00 325  7.1  8.8  2.32  7.69  6.11 349 1019.7  16.4  17.2  11.0 99.0 99.00
2006 08 15 20 00 327  7.5  8.9  2.10  8.33  5.98 356 1019.7  16.3  17.2  11.7 99.0 99.00
2006 08 15 21 00 322  8.0  9.3  2.30  8.33  6.11 346 1019.6  16.5  17.3  11.7 99.0 99.00
2006 08 15 22 00 326  8.5 10.0  2.27  8.33  6.19 345 1019.7  16.5  17.3  11.9 99.0 99.00
2006 08 15 23 00 328  8.5 10.2  2.41  8.33  6.20 349 1019.4  16.6  17.3  11.6 99.0 99.00
2006 08 16 00 00 329  8.3 10.3  2.63  8.33  6.21 343 1019.1  16.5  17.3  11.5 99.0 99.00
2006 08 16 01 00 332  9.2 10.7  2.26  8.33  5.74 346 1018.7  16.5  17.3  11.3 99.0 99.00
2006 08 16 02 00 330  8.1  9.3  2.21  8.33  5.71 341 1018.5  16.5  17.2  11.6 99.0 99.00
2006 08 16 03 00 317  9.0 10.6  2.31  8.33  5.91   1 1018.3  16.4  17.1  11.9 99.0 99.00
2006 08 16 04 00 338  8.3 10.4  2.28  8.33  5.73 353 1018.3  16.2  17.1  12.5 99.0 99.00
2006 08 16 05 00 326  9.7 11.8  2.16  9.09  5.56   3 1018.3  16.1  17.1  11.8 99.0 99.00
2006 08 16 06 00 324  9.5 11.2  2.49  7.69  5.80 342 1018.4  16.1  17.0  11.0 99.0 99.00
2006 08 16 07 00 336  9.4 11.2  2.50  8.33  5.90 352 1018.5  16.1  17.0  11.3 99.0 99.00
2006 08 16 08 00 329  9.4 11.4  2.34  8.33  5.70 339 1018.2  16.2  17.0  11.5 99.0 99.00
2006 08 16 09 00 330  8.8 10.6  2.20  7.14  5.51 341 1018.1  16.1  17.0  11.5 99.0 99.00
2006 08 16 10 00 324  9.2 11.3  2.12  8.33  5.56 343 1017.9  16.3  17.0   9.9 99.0 99.00
2006 08 16 11 00 326  9.1 10.8  2.39  7.69  5.85 346 1017.8  16.1  17.0  11.1 99.0 99.00
2006 08 16 12 00 322  9.1 11.1  1.98  8.33  5.26 344 1017.7  16.1  16.9  11.4 99.0 99.00
2006 08 16 13 00 333  9.3 11.7  1.98  7.69  5.38 339 1017.7  16.1  17.0  11.5 99.0 99.00
2006 08 16 14 00 333  9.4 10.6  1.90  8.33  5.40 331 1018.1  16.1  17.0  10.8 99.0 99.00
2006 08 16 15 00 330  9.1 11.5  1.85  8.33  5.29 334 1018.5  16.3  17.0  11.2 99.0 99.00
2006 08 16 16 00 327  9.1 10.7  2.03  8.33  5.51 332 1018.6  16.2  17.1  11.7 99.0 99.00
2006 08 16 17 00 336  9.2 11.0  2.11  7.69  5.61 340 1018.9  16.1  17.2  11.8 99.0 99.00
2006 08 16 18 00 342  8.2  9.6  2.04  7.69  5.63 333 1019.4  16.2  17.2  12.3 99.0 99.00
2006 08 16 19 00 342  7.9  9.4  2.17  8.33  5.68 334 1019.7  16.2  17.2  11.9 99.0 99.00
2006 08 16 20 00 340  7.7  8.9  1.93  8.33  5.46 348 1019.9  16.2  17.3  11.8 99.0 99.00
2006 08 16 21 00 338  7.5  8.8  2.04  8.33  5.74 339 1020.2  16.1  17.3  12.0 99.0 99.00
2006 08 16 22 00 341  6.9  8.4  2.18  8.33  6.12 333 1020.2  16.2  17.2  12.1 99.0 99.00
2006 08 16 23 00 341  7.1  8.4  2.26  8.33  6.18 340 1020.3  16.2  17.1  12.1 99.0 99.00
2006 08 17 00 00 338  7.4  8.8  2.11  8.33  5.85 344 1020.3  16.2  16.9  12.1 99.0 99.00
2006 08 17 01 00 330  7.5  8.9  2.01  8.33  5.79 349 1020.2  16.3  16.9  11.8 99.0 99.00
2006 08 17 02 00 331  8.1  9.3  2.07  8.33  5.69 342 1020.2  16.1  16.9  11.5 99.0 99.00
2006 08 17 03 00 330  8.4 10.4  2.24  8.33  5.99 345 1020.2  16.2  16.9  10.8 99.0 99.00
2006 08 17 04 00 330  8.1  9.9  2.03  9.09  5.58 343 1020.9  16.2  17.0  10.7 99.0 99.00
2006 08 17 05 00 332  7.7  9.9  2.05  8.33  5.57 337 1021.4  16.1  17.0  10.8 99.0 99.00
2006 08 17 06 00 329  7.6  9.4  2.20  9.09  5.80 342 1021.8  16.1  16.9  10.8 99.0 99.00
